CTF$START        0.000000 0.000000 0.000000 0.000000 7.886471 2.067794 0.000000 0.000000 0.000000 0.000000 0.000000
QUAD_L2          0.110000 0.002284 0.008229 0.000000 7.242212 2.252903 0.000000 0.000000 0.000000 0.000000 0.000000
DS_QL            0.360000 0.009117 0.023004 0.000000 4.684622 3.228546 0.000000 0.000000 0.000000 0.000000 0.000000
QUAD_L1          0.580000 0.017912 0.032992 0.000000 3.605042 3.577583 0.000000 0.000000 0.000000 0.000000 0.000000
CELL_Q1          0.580000 0.017912 0.032992 0.000000 3.605042 3.577583 0.000000 0.000000 0.000000 0.000000 0.000000
DS_TRIP          1.050000 0.040505 0.055818 0.000000 3.061325 3.022431 0.000000 0.000000 0.000000 0.000000 0.000000
CELL_MRK         1.050000 0.040505 0.055818 0.000000 3.061325 3.022431 0.000000 0.000000 0.000000 0.000000 0.000000
BEFORECAV        1.050000 0.040505 0.055818 0.000000 3.061325 3.022431 0.000000 0.000000 0.000000 0.000000 0.000000
TCAV             3.450000 0.187831 0.205807 0.000000 1.693210 1.673085 0.000000 0.000000 0.000000 0.000000 0.000000
AFTERCAV         3.450000 0.187831 0.205807 0.000000 1.693210 1.673085 0.000000 0.000000 0.000000 0.000000 0.000000
DS_TRIP          3.920000 0.211942 0.230140 0.000000 1.981600 1.969153 0.000000 0.000000 0.000000 0.000000 0.000000
CELL_Q3          3.920000 0.211942 0.230140 0.000000 1.981600 1.969153 0.000000 0.000000 0.000000 0.000000 0.000000
QUAD_L1          4.140000 0.221357 0.240818 0.000000 2.572824 1.775795 0.000000 0.000000 0.000000 0.000000 0.000000
DS_QL            4.390000 0.228676 0.256612 0.000000 3.977344 1.240415 0.000000 0.000000 0.000000 0.000000 0.000000
QUAD_L2          4.500000 0.231122 0.265396 0.000000 4.331614 1.140350 0.000000 0.000000 0.000000 0.000000 0.000000
QUAD_L2          4.610000 0.233568 0.274163 0.000000 3.978356 1.245384 0.000000 0.000000 0.000000 0.000000 0.000000
DS_QL            4.860000 0.240881 0.289838 0.000000 2.575432 1.795460 0.000000 0.000000 0.000000 0.000000 0.000000
QUAD_L1          5.080000 0.250283 0.300375 0.000000 1.985518 1.999944 0.000000 0.000000 0.000000 0.000000 0.000000
CELL_Q1          5.080000 0.250283 0.300375 0.000000 1.985518 1.999944 0.000000 0.000000 0.000000 0.000000 0.000000
DS_TRIP          5.550000 0.274317 0.324221 0.000000 1.700473 1.714757 0.000000 0.000000 0.000000 0.000000 0.000000
CELL_MRK         5.550000 0.274317 0.324221 0.000000 1.700473 1.714757 0.000000 0.000000 0.000000 0.000000 0.000000
BEFORECAV        5.550000 0.274317 0.324221 0.000000 1.700473 1.714757 0.000000 0.000000 0.000000 0.000000 0.000000
TCAV             7.950000 0.419836 0.468844 0.000000 1.309597 1.310073 0.000000 0.000000 0.000000 0.000000 0.000000
AFTERCAV         7.950000 0.419836 0.468844 0.000000 1.309597 1.310073 0.000000 0.000000 0.000000 0.000000 0.000000
DS_TRIP          8.420000 0.441749 0.490775 0.000000 1.553966 1.550822 0.000000 0.000000 0.000000 0.000000 0.000000
CELL_Q3          8.420000 0.441749 0.490775 0.000000 1.553966 1.550822 0.000000 0.000000 0.000000 0.000000 0.000000
QUAD_L1          8.640000 0.450239 0.500378 0.000000 2.023911 1.398174 0.000000 0.000000 0.000000 0.000000 0.000000
DS_QL            8.890000 0.456823 0.514607 0.000000 3.133477 0.973218 0.000000 0.000000 0.000000 0.000000 0.000000
QUAD_L2          9.000000 0.459022 0.522550 0.000000 3.413696 0.891538 0.000000 0.000000 0.000000 0.000000 0.000000
QUAD_L2          9.110000 0.461220 0.530510 0.000000 3.136065 0.969141 0.000000 0.000000 0.000000 0.000000 0.000000
DS_QL            9.360000 0.467790 0.544852 0.000000 2.030577 1.382041 0.000000 0.000000 0.000000 0.000000 0.000000
QUAD_L1          9.580000 0.476239 0.554591 0.000000 1.563982 1.525560 0.000000 0.000000 0.000000 0.000000 0.000000
CELL_Q1          9.580000 0.476239 0.554591 0.000000 1.563982 1.525560 0.000000 0.000000 0.000000 0.000000 0.000000
DS_TRIP         10.050000 0.497928 0.577001 0.000000 1.328165 1.275883 0.000000 0.000000 0.000000 0.000000 0.000000
CELL_MRK        10.050000 0.497928 0.577001 0.000000 1.328165 1.275883 0.000000 0.000000 0.000000 0.000000 0.000000
BEFORECAV       10.050000 0.497928 0.577001 0.000000 1.328165 1.275883 0.000000 0.000000 0.000000 0.000000 0.000000
TCAV            12.450000 0.639497 0.726684 0.000000 0.960447 0.924344 0.000000 0.000000 0.000000 0.000000 0.000000
AFTERCAV        12.450000 0.639497 0.726684 0.000000 0.960447 0.924344 0.000000 0.000000 0.000000 0.000000 0.000000
DS_TRIP         12.920000 0.662870 0.750771 0.000000 1.117237 1.093547 0.000000 0.000000 0.000000 0.000000 0.000000
CELL_Q3         12.920000 0.662870 0.750771 0.000000 1.117237 1.093547 0.000000 0.000000 0.000000 0.000000 0.000000
QUAD_L1         13.140000 0.672041 0.761304 0.000000 1.446094 0.988075 0.000000 0.000000 0.000000 0.000000 0.000000
DS_QL           13.390000 0.679190 0.776849 0.000000 2.229601 0.691835 0.000000 0.000000 0.000000 0.000000 0.000000
QUAD_L2         13.500000 0.681584 0.785480 0.000000 2.425954 0.636688 0.000000 0.000000 0.000000 0.000000 0.000000
CTF$END         13.500000 0.681584 0.785480 0.000000 2.425954 0.636688 0.000000 0.000000 0.000000 0.000000 0.000000
