 0.000000000000000E+00 0.000000000000000E+00
 0.000000000000000E+00 0.000000000000000E+00
 0.000000000000000E+00 0.000000000000000E+00
 0.000000000000000E+00 0.000000000000000E+00
 0.000000000000000E+00 0.000000000000000E+00
 0.000000000000000E+00 0.000000000000000E+00
 0.000000000000000E+00 0.000000000000000E+00
 0.000000000000000E+00 0.000000000000000E+00
 0.000000000000000E+00 0.000000000000000E+00
 0.000000000000000E+00 0.000000000000000E+00
 0.000000000000000E+00 0.000000000000000E+00
 0.000000000000000E+00 0.000000000000000E+00
 0.000000000000000E+00 0.000000000000000E+00
 0.000000000000000E+00 0.000000000000000E+00
 0.000000000000000E+00 0.000000000000000E+00
 0.000000000000000E+00 0.000000000000000E+00
 0.000000000000000E+00 0.000000000000000E+00
 0.000000000000000E+00 0.000000000000000E+00
 0.000000000000000E+00 0.000000000000000E+00
 0.000000000000000E+00 0.000000000000000E+00
 0.000000000000000E+00 0.000000000000000E+00
 0.000000000000000E+00 0.000000000000000E+00
 0.000000000000000E+00 0.000000000000000E+00
 0.000000000000000E+00 0.000000000000000E+00
 0.000000000000000E+00 0.000000000000000E+00
 0.000000000000000E+00 0.000000000000000E+00
 0.000000000000000E+00 0.000000000000000E+00
 0.000000000000000E+00 0.000000000000000E+00
 0.000000000000000E+00 0.000000000000000E+00
 0.000000000000000E+00 0.000000000000000E+00
 0.000000000000000E+00 0.000000000000000E+00
 0.000000000000000E+00 0.000000000000000E+00
 0.000000000000000E+00 0.000000000000000E+00
 0.000000000000000E+00 0.000000000000000E+00
 0.000000000000000E+00 0.000000000000000E+00
 0.000000000000000E+00 0.000000000000000E+00
 0.000000000000000E+00 0.000000000000000E+00
 0.000000000000000E+00 0.000000000000000E+00
 0.000000000000000E+00 0.000000000000000E+00
 0.000000000000000E+00 0.000000000000000E+00
 0.000000000000000E+00 0.000000000000000E+00
 0.000000000000000E+00 0.000000000000000E+00
 0.000000000000000E+00 0.000000000000000E+00
 0.000000000000000E+00 0.000000000000000E+00
 0.000000000000000E+00 0.000000000000000E+00
 0.000000000000000E+00 0.000000000000000E+00
 0.000000000000000E+00 0.000000000000000E+00
 0.000000000000000E+00 0.000000000000000E+00
 0.000000000000000E+00 0.000000000000000E+00
 0.000000000000000E+00 0.000000000000000E+00
 0.000000000000000E+00 0.000000000000000E+00
 0.000000000000000E+00 0.000000000000000E+00
 0.000000000000000E+00 0.000000000000000E+00
 0.000000000000000E+00 0.000000000000000E+00
 0.000000000000000E+00 0.000000000000000E+00
 0.000000000000000E+00 0.000000000000000E+00
 0.000000000000000E+00 0.000000000000000E+00
 0.000000000000000E+00 0.000000000000000E+00
 0.000000000000000E+00 0.000000000000000E+00
 0.000000000000000E+00 0.000000000000000E+00
 0.000000000000000E+00 0.000000000000000E+00
 0.000000000000000E+00 0.000000000000000E+00
 0.000000000000000E+00 0.000000000000000E+00
 0.000000000000000E+00 0.000000000000000E+00
 0.000000000000000E+00 0.000000000000000E+00
 0.000000000000000E+00 0.000000000000000E+00
 0.000000000000000E+00 0.000000000000000E+00
 0.000000000000000E+00 0.000000000000000E+00
 0.000000000000000E+00 0.000000000000000E+00
 0.000000000000000E+00 0.000000000000000E+00
 0.000000000000000E+00 0.000000000000000E+00
 0.000000000000000E+00 0.000000000000000E+00
 0.000000000000000E+00 0.000000000000000E+00
 0.000000000000000E+00 0.000000000000000E+00
 0.000000000000000E+00 0.000000000000000E+00
 0.000000000000000E+00 0.000000000000000E+00
 0.000000000000000E+00 0.000000000000000E+00
 0.000000000000000E+00 0.000000000000000E+00
 0.000000000000000E+00 0.000000000000000E+00
 0.000000000000000E+00 0.000000000000000E+00
 0.000000000000000E+00 0.000000000000000E+00
 0.000000000000000E+00 0.000000000000000E+00
 0.000000000000000E+00 0.000000000000000E+00
 0.000000000000000E+00 0.000000000000000E+00
 0.000000000000000E+00 0.000000000000000E+00
 0.000000000000000E+00 0.000000000000000E+00
 0.000000000000000E+00 0.000000000000000E+00
 0.000000000000000E+00 0.000000000000000E+00
 0.000000000000000E+00 0.000000000000000E+00
 0.000000000000000E+00 0.000000000000000E+00
 0.000000000000000E+00 0.000000000000000E+00
 0.000000000000000E+00 0.000000000000000E+00
 0.000000000000000E+00 0.000000000000000E+00
 0.000000000000000E+00 0.000000000000000E+00
 0.000000000000000E+00 0.000000000000000E+00
 0.000000000000000E+00 0.000000000000000E+00
 0.000000000000000E+00 0.000000000000000E+00
 0.000000000000000E+00 0.000000000000000E+00
 0.000000000000000E+00 0.000000000000000E+00
 0.000000000000000E+00 0.000000000000000E+00
 5.994491760451527E-04 -1.465116463230935E-04
 5.959328965333985E-04 -1.465116463230935E-04
 5.924166170216443E-04 -1.465116463230935E-04
 5.889003375098901E-04 -1.465116463230935E-04
 5.853840579981359E-04 -1.465116463230935E-04
 5.818677784863817E-04 -1.465116463230935E-04
 5.783514989746275E-04 -1.465116463230935E-04
 5.748352194628733E-04 -1.465116463230935E-04
 5.713189399511191E-04 -1.465116463230935E-04
 5.678026604393649E-04 -1.465116463230935E-04
 5.642863809276107E-04 -1.465116463230935E-04
 5.607701014158565E-04 -1.465116463230935E-04
 5.572538219041024E-04 -1.465116463230935E-04
 5.537375423923482E-04 -1.465116463230935E-04
 5.502212628805940E-04 -1.465116463230935E-04
 5.467049833688398E-04 -1.465116463230935E-04
 5.431887038570856E-04 -1.465116463230935E-04
 5.396724243453314E-04 -1.465116463230935E-04
 5.361561448335772E-04 -1.465116463230935E-04
 5.326398653218230E-04 -1.465116463230935E-04
 5.291235858100688E-04 -1.465116463230935E-04
 5.256073062983146E-04 -1.465116463230935E-04
 5.220910267865604E-04 -1.465116463230935E-04
 5.185747472748062E-04 -1.465116463230935E-04
 5.150584677630520E-04 -1.465116463230935E-04
 5.115421882512978E-04 -1.465116463230935E-04
 5.080259087395436E-04 -1.465116463230935E-04
 5.045096292277894E-04 -1.465116463230935E-04
 5.009933497160352E-04 -1.465116463230935E-04
 4.974770702042810E-04 -1.465116463230935E-04
 4.939607906925269E-04 -1.465116463230935E-04
 4.904445111807727E-04 -1.465116463230935E-04
 4.869282316690184E-04 -1.465116463230935E-04
 4.834119521572642E-04 -1.465116463230935E-04
 4.798956726455099E-04 -1.465116463230935E-04
 4.763793931337557E-04 -1.465116463230935E-04
 4.728631136220014E-04 -1.465116463230935E-04
 4.693468341102472E-04 -1.465116463230935E-04
 4.658305545984929E-04 -1.465116463230935E-04
 4.623142750867387E-04 -1.465116463230935E-04
 4.587979955749844E-04 -1.465116463230935E-04
 4.552817160632302E-04 -1.465116463230935E-04
 4.517654365514759E-04 -1.465116463230935E-04
 4.482491570397217E-04 -1.465116463230935E-04
 4.447328775279674E-04 -1.465116463230935E-04
 4.412165980162132E-04 -1.465116463230935E-04
 4.377003185044589E-04 -1.465116463230935E-04
 4.341840389927047E-04 -1.465116463230935E-04
 4.306677594809504E-04 -1.465116463230935E-04
 4.271514799691962E-04 -1.465116463230935E-04
 4.236352004574419E-04 -1.465116463230935E-04
 4.201189209456877E-04 -1.465116463230935E-04
 4.166026414339334E-04 -1.465116463230935E-04
 4.130863619221792E-04 -1.465116463230935E-04
 4.095700824104249E-04 -1.465116463230935E-04
 4.060538028986707E-04 -1.465116463230935E-04
 4.025375233869164E-04 -1.465116463230935E-04
 3.990212438751622E-04 -1.465116463230935E-04
 3.955049643634079E-04 -1.465116463230935E-04
 3.919886848516537E-04 -1.465116463230935E-04
 3.884724053398995E-04 -1.465116463230935E-04
 3.849561258281452E-04 -1.465116463230935E-04
 3.814398463163910E-04 -1.465116463230935E-04
 3.779235668046367E-04 -1.465116463230935E-04
 3.744072872928825E-04 -1.465116463230935E-04
 3.708910077811282E-04 -1.465116463230935E-04
 3.673747282693740E-04 -1.465116463230935E-04
 3.638584487576197E-04 -1.465116463230935E-04
 3.603421692458655E-04 -1.465116463230935E-04
 3.568258897341112E-04 -1.465116463230935E-04
 3.533096102223570E-04 -1.465116463230935E-04
 3.497933307106027E-04 -1.465116463230935E-04
 3.462770511988485E-04 -1.465116463230935E-04
 3.427607716870942E-04 -1.465116463230935E-04
 3.392444921753400E-04 -1.465116463230935E-04
 3.357282126635857E-04 -1.465116463230935E-04
 3.322119331518315E-04 -1.465116463230935E-04
 3.286956536400772E-04 -1.465116463230935E-04
 3.251793741283230E-04 -1.465116463230935E-04
 3.216630946165687E-04 -1.465116463230935E-04
 3.181468151048145E-04 -1.465116463230935E-04
 3.146305355930602E-04 -1.465116463230935E-04
 3.111142560813060E-04 -1.465116463230935E-04
 3.075979765695517E-04 -1.465116463230935E-04
 3.040816970577975E-04 -1.465116463230935E-04
 3.005654175460432E-04 -1.465116463230935E-04
 2.970491380342890E-04 -1.465116463230935E-04
 2.935328585225347E-04 -1.465116463230935E-04
 2.900165790107805E-04 -1.465116463230935E-04
 2.865002994990262E-04 -1.465116463230935E-04
 2.829840199872720E-04 -1.465116463230935E-04
 2.794677404755177E-04 -1.465116463230935E-04
 2.759514609637635E-04 -1.465116463230935E-04
 2.724351814520092E-04 -1.465116463230935E-04
 2.689189019402550E-04 -1.465116463230935E-04
 2.654026224285008E-04 -1.465116463230935E-04
 2.618863429167465E-04 -1.465116463230935E-04
 2.583700634049923E-04 -1.465116463230935E-04
 2.548537838932380E-04 -1.465116463230935E-04
 2.513375043814838E-04 -1.465116463230935E-04
 5.994491760451527E-04 -1.465116463230935E-04
 5.959328965333985E-04 -1.465116463230935E-04
 5.924166170216443E-04 -1.465116463230935E-04
 5.889003375098901E-04 -1.465116463230935E-04
 5.853840579981359E-04 -1.465116463230935E-04
 5.818677784863817E-04 -1.465116463230935E-04
 5.783514989746275E-04 -1.465116463230935E-04
 5.748352194628733E-04 -1.465116463230935E-04
 5.713189399511191E-04 -1.465116463230935E-04
 5.678026604393649E-04 -1.465116463230935E-04
 5.642863809276107E-04 -1.465116463230935E-04
 5.607701014158565E-04 -1.465116463230935E-04
 5.572538219041024E-04 -1.465116463230935E-04
 5.537375423923482E-04 -1.465116463230935E-04
 5.502212628805940E-04 -1.465116463230935E-04
 5.467049833688398E-04 -1.465116463230935E-04
 5.431887038570856E-04 -1.465116463230935E-04
 5.396724243453314E-04 -1.465116463230935E-04
 5.361561448335772E-04 -1.465116463230935E-04
 5.326398653218230E-04 -1.465116463230935E-04
 5.291235858100688E-04 -1.465116463230935E-04
 5.256073062983146E-04 -1.465116463230935E-04
 5.220910267865604E-04 -1.465116463230935E-04
 5.185747472748062E-04 -1.465116463230935E-04
 5.150584677630520E-04 -1.465116463230935E-04
 5.115421882512978E-04 -1.465116463230935E-04
 5.080259087395436E-04 -1.465116463230935E-04
 5.045096292277894E-04 -1.465116463230935E-04
 5.009933497160352E-04 -1.465116463230935E-04
 4.974770702042810E-04 -1.465116463230935E-04
 4.939607906925269E-04 -1.465116463230935E-04
 4.904445111807727E-04 -1.465116463230935E-04
 4.869282316690184E-04 -1.465116463230935E-04
 4.834119521572642E-04 -1.465116463230935E-04
 4.798956726455099E-04 -1.465116463230935E-04
 4.763793931337557E-04 -1.465116463230935E-04
 4.728631136220014E-04 -1.465116463230935E-04
 4.693468341102472E-04 -1.465116463230935E-04
 4.658305545984929E-04 -1.465116463230935E-04
 4.623142750867387E-04 -1.465116463230935E-04
 4.587979955749844E-04 -1.465116463230935E-04
 4.552817160632302E-04 -1.465116463230935E-04
 4.517654365514759E-04 -1.465116463230935E-04
 4.482491570397217E-04 -1.465116463230935E-04
 4.447328775279674E-04 -1.465116463230935E-04
 4.412165980162132E-04 -1.465116463230935E-04
 4.377003185044589E-04 -1.465116463230935E-04
 4.341840389927047E-04 -1.465116463230935E-04
 4.306677594809504E-04 -1.465116463230935E-04
 4.271514799691962E-04 -1.465116463230935E-04
 4.236352004574419E-04 -1.465116463230935E-04
 4.201189209456877E-04 -1.465116463230935E-04
 4.166026414339334E-04 -1.465116463230935E-04
 4.130863619221792E-04 -1.465116463230935E-04
 4.095700824104249E-04 -1.465116463230935E-04
 4.060538028986707E-04 -1.465116463230935E-04
 4.025375233869164E-04 -1.465116463230935E-04
 3.990212438751622E-04 -1.465116463230935E-04
 3.955049643634079E-04 -1.465116463230935E-04
 3.919886848516537E-04 -1.465116463230935E-04
 3.884724053398995E-04 -1.465116463230935E-04
 3.849561258281452E-04 -1.465116463230935E-04
 3.814398463163910E-04 -1.465116463230935E-04
 3.779235668046367E-04 -1.465116463230935E-04
 3.744072872928825E-04 -1.465116463230935E-04
 3.708910077811282E-04 -1.465116463230935E-04
 3.673747282693740E-04 -1.465116463230935E-04
 3.638584487576197E-04 -1.465116463230935E-04
 3.603421692458655E-04 -1.465116463230935E-04
 3.568258897341112E-04 -1.465116463230935E-04
 3.533096102223570E-04 -1.465116463230935E-04
 3.497933307106027E-04 -1.465116463230935E-04
 3.462770511988485E-04 -1.465116463230935E-04
 3.427607716870942E-04 -1.465116463230935E-04
 3.392444921753400E-04 -1.465116463230935E-04
 3.357282126635857E-04 -1.465116463230935E-04
 3.322119331518315E-04 -1.465116463230935E-04
 3.286956536400772E-04 -1.465116463230935E-04
 3.251793741283230E-04 -1.465116463230935E-04
 3.216630946165687E-04 -1.465116463230935E-04
 3.181468151048145E-04 -1.465116463230935E-04
 3.146305355930602E-04 -1.465116463230935E-04
 3.111142560813060E-04 -1.465116463230935E-04
 3.075979765695517E-04 -1.465116463230935E-04
 3.040816970577975E-04 -1.465116463230935E-04
 3.005654175460432E-04 -1.465116463230935E-04
 2.970491380342890E-04 -1.465116463230935E-04
 2.935328585225347E-04 -1.465116463230935E-04
 2.900165790107805E-04 -1.465116463230935E-04
 2.865002994990262E-04 -1.465116463230935E-04
 2.829840199872720E-04 -1.465116463230935E-04
 2.794677404755177E-04 -1.465116463230935E-04
 2.759514609637635E-04 -1.465116463230935E-04
 2.724351814520092E-04 -1.465116463230935E-04
 2.689189019402550E-04 -1.465116463230935E-04
 2.654026224285008E-04 -1.465116463230935E-04
 2.618863429167465E-04 -1.465116463230935E-04
 2.583700634049923E-04 -1.465116463230935E-04
 2.548537838932380E-04 -1.465116463230935E-04
 2.513375043814838E-04 -1.465116463230935E-04
 5.994491760451527E-04 -1.465116463230935E-04
 5.959328965333985E-04 -1.465116463230935E-04
 5.924166170216443E-04 -1.465116463230935E-04
 5.889003375098901E-04 -1.465116463230935E-04
 5.853840579981359E-04 -1.465116463230935E-04
 5.818677784863817E-04 -1.465116463230935E-04
 5.783514989746275E-04 -1.465116463230935E-04
 5.748352194628733E-04 -1.465116463230935E-04
 5.713189399511191E-04 -1.465116463230935E-04
 5.678026604393649E-04 -1.465116463230935E-04
 5.642863809276107E-04 -1.465116463230935E-04
 5.607701014158565E-04 -1.465116463230935E-04
 5.572538219041024E-04 -1.465116463230935E-04
 5.537375423923482E-04 -1.465116463230935E-04
 5.502212628805940E-04 -1.465116463230935E-04
 5.467049833688398E-04 -1.465116463230935E-04
 5.431887038570856E-04 -1.465116463230935E-04
 5.396724243453314E-04 -1.465116463230935E-04
 5.361561448335772E-04 -1.465116463230935E-04
 5.326398653218230E-04 -1.465116463230935E-04
 5.291235858100688E-04 -1.465116463230935E-04
 5.256073062983146E-04 -1.465116463230935E-04
 5.220910267865604E-04 -1.465116463230935E-04
 5.185747472748062E-04 -1.465116463230935E-04
 5.150584677630520E-04 -1.465116463230935E-04
 5.115421882512978E-04 -1.465116463230935E-04
 5.080259087395436E-04 -1.465116463230935E-04
 5.045096292277894E-04 -1.465116463230935E-04
 5.009933497160352E-04 -1.465116463230935E-04
 4.974770702042810E-04 -1.465116463230935E-04
 4.939607906925269E-04 -1.465116463230935E-04
 4.904445111807727E-04 -1.465116463230935E-04
 4.869282316690184E-04 -1.465116463230935E-04
 4.834119521572642E-04 -1.465116463230935E-04
 4.798956726455099E-04 -1.465116463230935E-04
 4.763793931337557E-04 -1.465116463230935E-04
 4.728631136220014E-04 -1.465116463230935E-04
 4.693468341102472E-04 -1.465116463230935E-04
 4.658305545984929E-04 -1.465116463230935E-04
 4.623142750867387E-04 -1.465116463230935E-04
 4.587979955749844E-04 -1.465116463230935E-04
 4.552817160632302E-04 -1.465116463230935E-04
 4.517654365514759E-04 -1.465116463230935E-04
 4.482491570397217E-04 -1.465116463230935E-04
 4.447328775279674E-04 -1.465116463230935E-04
 4.412165980162132E-04 -1.465116463230935E-04
 4.377003185044589E-04 -1.465116463230935E-04
 4.341840389927047E-04 -1.465116463230935E-04
 4.306677594809504E-04 -1.465116463230935E-04
 4.271514799691962E-04 -1.465116463230935E-04
 4.236352004574419E-04 -1.465116463230935E-04
 4.201189209456877E-04 -1.465116463230935E-04
 4.166026414339334E-04 -1.465116463230935E-04
 4.130863619221792E-04 -1.465116463230935E-04
 4.095700824104249E-04 -1.465116463230935E-04
 4.060538028986707E-04 -1.465116463230935E-04
 4.025375233869164E-04 -1.465116463230935E-04
 3.990212438751622E-04 -1.465116463230935E-04
 3.955049643634079E-04 -1.465116463230935E-04
 3.919886848516537E-04 -1.465116463230935E-04
 3.884724053398995E-04 -1.465116463230935E-04
 3.849561258281452E-04 -1.465116463230935E-04
 3.814398463163910E-04 -1.465116463230935E-04
 3.779235668046367E-04 -1.465116463230935E-04
 3.744072872928825E-04 -1.465116463230935E-04
 3.708910077811282E-04 -1.465116463230935E-04
 3.673747282693740E-04 -1.465116463230935E-04
 3.638584487576197E-04 -1.465116463230935E-04
 3.603421692458655E-04 -1.465116463230935E-04
 3.568258897341112E-04 -1.465116463230935E-04
 3.533096102223570E-04 -1.465116463230935E-04
 3.497933307106027E-04 -1.465116463230935E-04
 3.462770511988485E-04 -1.465116463230935E-04
 3.427607716870942E-04 -1.465116463230935E-04
 3.392444921753400E-04 -1.465116463230935E-04
 3.357282126635857E-04 -1.465116463230935E-04
 3.322119331518315E-04 -1.465116463230935E-04
 3.286956536400772E-04 -1.465116463230935E-04
 3.251793741283230E-04 -1.465116463230935E-04
 3.216630946165687E-04 -1.465116463230935E-04
 3.181468151048145E-04 -1.465116463230935E-04
 3.146305355930602E-04 -1.465116463230935E-04
 3.111142560813060E-04 -1.465116463230935E-04
 3.075979765695517E-04 -1.465116463230935E-04
 3.040816970577975E-04 -1.465116463230935E-04
 3.005654175460432E-04 -1.465116463230935E-04
 2.970491380342890E-04 -1.465116463230935E-04
 2.935328585225347E-04 -1.465116463230935E-04
 2.900165790107805E-04 -1.465116463230935E-04
 2.865002994990262E-04 -1.465116463230935E-04
 2.829840199872720E-04 -1.465116463230935E-04
 2.794677404755177E-04 -1.465116463230935E-04
 2.759514609637635E-04 -1.465116463230935E-04
 2.724351814520092E-04 -1.465116463230935E-04
 2.689189019402550E-04 -1.465116463230935E-04
 2.654026224285008E-04 -1.465116463230935E-04
 2.618863429167465E-04 -1.465116463230935E-04
 2.583700634049923E-04 -1.465116463230935E-04
 2.548537838932380E-04 -1.465116463230935E-04
 2.513375043814838E-04 -1.465116463230935E-04
 5.994491760451527E-04 -1.465116463230935E-04
 5.959328965333985E-04 -1.465116463230935E-04
 5.924166170216443E-04 -1.465116463230935E-04
 5.889003375098901E-04 -1.465116463230935E-04
 5.853840579981359E-04 -1.465116463230935E-04
 5.818677784863817E-04 -1.465116463230935E-04
 5.783514989746275E-04 -1.465116463230935E-04
 5.748352194628733E-04 -1.465116463230935E-04
 5.713189399511191E-04 -1.465116463230935E-04
 5.678026604393649E-04 -1.465116463230935E-04
 5.642863809276107E-04 -1.465116463230935E-04
 5.607701014158565E-04 -1.465116463230935E-04
 5.572538219041024E-04 -1.465116463230935E-04
 5.537375423923482E-04 -1.465116463230935E-04
 5.502212628805940E-04 -1.465116463230935E-04
 5.467049833688398E-04 -1.465116463230935E-04
 5.431887038570856E-04 -1.465116463230935E-04
 5.396724243453314E-04 -1.465116463230935E-04
 5.361561448335772E-04 -1.465116463230935E-04
 5.326398653218230E-04 -1.465116463230935E-04
 5.291235858100688E-04 -1.465116463230935E-04
 5.256073062983146E-04 -1.465116463230935E-04
 5.220910267865604E-04 -1.465116463230935E-04
 5.185747472748062E-04 -1.465116463230935E-04
 5.150584677630520E-04 -1.465116463230935E-04
 5.115421882512978E-04 -1.465116463230935E-04
 5.080259087395436E-04 -1.465116463230935E-04
 5.045096292277894E-04 -1.465116463230935E-04
 5.009933497160352E-04 -1.465116463230935E-04
 4.974770702042810E-04 -1.465116463230935E-04
 4.939607906925269E-04 -1.465116463230935E-04
 4.904445111807727E-04 -1.465116463230935E-04
 4.869282316690184E-04 -1.465116463230935E-04
 4.834119521572642E-04 -1.465116463230935E-04
 4.798956726455099E-04 -1.465116463230935E-04
 4.763793931337557E-04 -1.465116463230935E-04
 4.728631136220014E-04 -1.465116463230935E-04
 4.693468341102472E-04 -1.465116463230935E-04
 4.658305545984929E-04 -1.465116463230935E-04
 4.623142750867387E-04 -1.465116463230935E-04
 4.587979955749844E-04 -1.465116463230935E-04
 4.552817160632302E-04 -1.465116463230935E-04
 4.517654365514759E-04 -1.465116463230935E-04
 4.482491570397217E-04 -1.465116463230935E-04
 4.447328775279674E-04 -1.465116463230935E-04
 4.412165980162132E-04 -1.465116463230935E-04
 4.377003185044589E-04 -1.465116463230935E-04
 4.341840389927047E-04 -1.465116463230935E-04
 4.306677594809504E-04 -1.465116463230935E-04
 4.271514799691962E-04 -1.465116463230935E-04
 4.236352004574419E-04 -1.465116463230935E-04
 4.201189209456877E-04 -1.465116463230935E-04
 4.166026414339334E-04 -1.465116463230935E-04
 4.130863619221792E-04 -1.465116463230935E-04
 4.095700824104249E-04 -1.465116463230935E-04
 4.060538028986707E-04 -1.465116463230935E-04
 4.025375233869164E-04 -1.465116463230935E-04
 3.990212438751622E-04 -1.465116463230935E-04
 3.955049643634079E-04 -1.465116463230935E-04
 3.919886848516537E-04 -1.465116463230935E-04
 3.884724053398995E-04 -1.465116463230935E-04
 3.849561258281452E-04 -1.465116463230935E-04
 3.814398463163910E-04 -1.465116463230935E-04
 3.779235668046367E-04 -1.465116463230935E-04
 3.744072872928825E-04 -1.465116463230935E-04
 3.708910077811282E-04 -1.465116463230935E-04
 3.673747282693740E-04 -1.465116463230935E-04
 3.638584487576197E-04 -1.465116463230935E-04
 3.603421692458655E-04 -1.465116463230935E-04
 3.568258897341112E-04 -1.465116463230935E-04
 3.533096102223570E-04 -1.465116463230935E-04
 3.497933307106027E-04 -1.465116463230935E-04
 3.462770511988485E-04 -1.465116463230935E-04
 3.427607716870942E-04 -1.465116463230935E-04
 3.392444921753400E-04 -1.465116463230935E-04
 3.357282126635857E-04 -1.465116463230935E-04
 3.322119331518315E-04 -1.465116463230935E-04
 3.286956536400772E-04 -1.465116463230935E-04
 3.251793741283230E-04 -1.465116463230935E-04
 3.216630946165687E-04 -1.465116463230935E-04
 3.181468151048145E-04 -1.465116463230935E-04
 3.146305355930602E-04 -1.465116463230935E-04
 3.111142560813060E-04 -1.465116463230935E-04
 3.075979765695517E-04 -1.465116463230935E-04
 3.040816970577975E-04 -1.465116463230935E-04
 3.005654175460432E-04 -1.465116463230935E-04
 2.970491380342890E-04 -1.465116463230935E-04
 2.935328585225347E-04 -1.465116463230935E-04
 2.900165790107805E-04 -1.465116463230935E-04
 2.865002994990262E-04 -1.465116463230935E-04
 2.829840199872720E-04 -1.465116463230935E-04
 2.794677404755177E-04 -1.465116463230935E-04
 2.759514609637635E-04 -1.465116463230935E-04
 2.724351814520092E-04 -1.465116463230935E-04
 2.689189019402550E-04 -1.465116463230935E-04
 2.654026224285008E-04 -1.465116463230935E-04
 2.618863429167465E-04 -1.465116463230935E-04
 2.583700634049923E-04 -1.465116463230935E-04
 2.548537838932380E-04 -1.465116463230935E-04
 2.513375043814838E-04 -1.465116463230935E-04
