
 etall    1, NO =    4, NV =    5, INA =   15
 *********************************************

    I  COEFFICIENT          ORDER   EXPONENTS
     1  0.88928090917552E-04    0     0 0  0 0  0
  8.892809091755159E-005
     2  -2.4399337994524        1     1 0  0 0  0
  -2.43993379945237     
     3   177.61303673524        1     0 1  0 0  0
   177.613036735242     
     4   2.2207494869777        1     0 0  0 0  1
   2.22074948697769     
     5  -1.4304913914280        2     2 0  0 0  0
  -1.43049139142804     
     6  -67.160139965554        2     1 1  0 0  0
  -67.1601399655540     
     7   2966.0616184350        2     0 2  0 0  0
   2966.06161843497     
     8  -4.0472302488616        2     0 0  2 0  0
  -4.04723024886158     
     9  -273.52496292228        2     0 0  1 1  0
  -273.524962922284     
    10  -.20854105519446        2     1 0  0 0  1
 -0.208541055194465     
    11  -203.67606512475        2     0 1  0 0  1
  -203.676065124755     
    12  -3418.3439456669        2     0 0  0 2  0
  -3418.34394566686     
    13   8.9570918658713        2     0 0  0 0  2
   8.95709186587132     
    14   28.730858716999        3     3 0  0 0  0
   28.7308587169994     
    15  -4083.9416954209        3     2 1  0 0  0
  -4083.94169542092     
    16   118546.28982701        3     1 2  0 0  0
   118546.289827013     
    17   1202217.8051202        3     0 3  0 0  0
   1202217.80512024     
    18   27.332875535734        3     1 0  2 0  0
   27.3328755357342     
    19   161.22227870492        3     0 1  2 0  0
   161.222278704919     
    20   828.78310152600        3     1 0  1 1  0
   828.783101526001     
    21  -75525.865598451        3     0 1  1 1  0
  -75525.8655984508     
    22  -70.092409108639        3     2 0  0 0  1
  -70.0924091086388     
    23   13443.560716755        3     1 1  0 0  1
   13443.5607167548     
    24  -535599.95673720        3     0 2  0 0  1
  -535599.956737204     
    25  -85.725631168126        3     0 0  2 0  1
  -85.7256311681258     
    26  -1687.3911795610        3     1 0  0 2  0
  -1687.39117956098     
    27  -973432.97389772        3     0 1  0 2  0
  -973432.973897717     
    28   775.60496007886        3     0 0  1 1  1
   775.604960078864     
    29  -13.274799783062        3     1 0  0 0  2
  -13.2747997830624     
    30  -346.27959190777        3     0 1  0 0  2
  -346.279591907769     
    31   34104.652842442        3     0 0  0 2  1
   34104.6528424424     
    32  -9.5196734008964        3     0 0  0 0  3
  -9.51967340089643     
    33   177.49455073804        4     4 0  0 0  0
   177.494550738038     
    34  -49937.550805014        4     3 1  0 0  0
  -49937.5508050141     
    35   5301765.1884288        4     2 2  0 0  0
   5301765.18842878     
    36  -248683097.50280        4     1 3  0 0  0
  -248683097.502800     
    37   4319355434.8747        4     0 4  0 0  0
   4319355434.87474     
    38   522.86081259741        4     2 0  2 0  0
   522.860812597414     
    39  -70534.149003640        4     1 1  2 0  0
  -70534.1490036399     
    40   2576510.4007342        4     0 2  2 0  0
   2576510.40073423     
    41   95.613773122334        4     0 0  4 0  0
   95.6137731223338     
    42   7612.1373546307        4     2 0  1 1  0
   7612.13735463071     
    43  -1629301.2069594        4     1 1  1 1  0
  -1629301.20695937     
    44   69442947.240544        4     0 2  1 1  0
   69442947.2405437     
    45   1227.8686713619        4     0 0  3 1  0
   1227.86867136192     
    46  -64.663272106851        4     3 0  0 0  1
  -64.6632721068508     
    47   33094.698217952        4     2 1  0 0  1
   33094.6982179521     
    48  -2932373.9710341        4     1 2  0 0  1
  -2932373.97103410     
    49   63672824.195872        4     0 3  0 0  1
   63672824.1958723     
    50  -217.68592758510        4     1 0  2 0  1
  -217.685927585101     
    51   13302.197774110        4     0 1  2 0  1
   13302.1977741101     
    52  -189704.33974894        4     2 0  0 2  0
  -189704.339748939     
    53   15314266.743178        4     1 1  0 2  0
   15314266.7431780     
    54  -20188389.304974        4     0 2  0 2  0
  -20188389.3049744     
    55   298342.72631433        4     0 0  2 2  0
   298342.726314325     
    56   24986.679395808        4     1 0  1 1  1
   24986.6793958083     
    57  -46411.987752761        4     0 1  1 1  1
  -46411.9877527609     
    58  -627.18250874021        4     2 0  0 0  2
  -627.182508740210     
    59   43424.283961084        4     1 1  0 0  2
   43424.2839610837     
    60   474100.36093594        4     0 2  0 0  2
   474100.360935939     
    61  -29.772338290777        4     0 0  2 0  2
  -29.7723382907773     
    62   5471284.2601213        4     0 0  1 3  0
   5471284.26012128     
    63   332645.53367140        4     1 0  0 2  1
   332645.533671400     
    64  -22751806.704187        4     0 1  0 2  1
  -22751806.7041871     
    65  -36153.732237356        4     0 0  1 1  2
  -36153.7322373562     
    66   415.15672550529        4     1 0  0 0  3
   415.156725505290     
    67  -41621.726617730        4     0 1  0 0  3
  -41621.7266177303     
    68  -25031558.280068        4     0 0  0 4  0
  -25031558.2800684     
    69   2001.1864543818        4     0 0  0 2  2
   2001.18645438184     
    70   151.46743472661        4     0 0  0 0  4
   151.467434726605     
                                      

 etall    1, NO =    4, NV =    5, INA =   19
 *********************************************

    I  COEFFICIENT          ORDER   EXPONENTS
     1  0.72772729982136E-06    0     0 0  0 0  0
  7.277272998213592E-007
     2  -.38351113770191E-01    1     1 0  0 0  0
 -3.835111377019094E-002
     3   2.3818915825531        1     0 1  0 0  0
   2.38189158255313     
     4  0.42495462705856E-01    1     0 0  0 0  1
  4.249546270585645E-002
     5  -.16814152858814E-01    2     2 0  0 0  0
 -1.681415285881435E-002
     6  -1.4006082783693        2     1 1  0 0  0
  -1.40060827836933     
     7   64.817670618286        2     0 2  0 0  0
   64.8176706182861     
     8  -.93939181176522E-01    2     0 0  2 0  0
 -9.393918117652197E-002
     9  -5.5914335505645        2     0 0  1 1  0
  -5.59143355056450     
    10  0.29782189160801E-01    2     1 0  0 0  1
  2.978218916080061E-002
    11  -5.5729508687382        2     0 1  0 0  1
  -5.57295086873824     
    12  -69.585563645458        2     0 0  0 2  0
  -69.5855636454578     
    13  0.14860581497048        2     0 0  0 0  2
  0.148605814970475     
    14  0.46671342022190        3     3 0  0 0  0
  0.466713420221904     
    15  -81.255020166839        3     2 1  0 0  0
  -81.2550201668386     
    16   3756.3019829964        3     1 2  0 0  0
   3756.30198299637     
    17  -33728.013925905        3     0 3  0 0  0
  -33728.0139259048     
    18  0.49929800290445        3     1 0  2 0  0
  0.499298002904451     
    19  -9.6414986809762        3     0 1  2 0  0
  -9.64149868097625     
    20  -.65187587731852        3     1 0  1 1  0
 -0.651875877318519     
    21  -395.33795941740        3     0 1  1 1  0
  -395.337959417399     
    22  -.49815223153510        3     2 0  0 0  1
 -0.498152231535104     
    23   151.64929684308        3     1 1  0 0  1
   151.649296843080     
    24  -7399.8306655769        3     0 2  0 0  1
  -7399.83066557692     
    25  -.93777418558815        3     0 0  2 0  1
 -0.937774185588154     
    26  -510.04376175702        3     1 0  0 2  0
  -510.043761757018     
    27   20114.845414916        3     0 1  0 2  0
   20114.8454149157     
    28   19.458686578420        3     0 0  1 1  1
   19.4586865784199     
    29  -.95687088744679        3     1 0  0 0  2
 -0.956870887446786     
    30   54.215204682006        3     0 1  0 0  2
   54.2152046820057     
    31   352.62658472017        3     0 0  0 2  1
   352.626584720172     
    32  -.15947524217709        3     0 0  0 0  3
 -0.159475242177088     
    33   1.2857798869698        4     4 0  0 0  0
   1.28577988696978     
    34  -438.17168904869        4     3 1  0 0  0
  -438.171689048690     
    35   55924.675433663        4     2 2  0 0  0
   55924.6754336634     
    36  -3141006.8838407        4     1 3  0 0  0
  -3141006.88384071     
    37   64867328.245149        4     0 4  0 0  0
   64867328.2451491     
    38   5.8724765409239        4     2 0  2 0  0
   5.87247654092386     
    39  -878.54856470571        4     1 1  2 0  0
  -878.548564705707     
    40   34642.102969256        4     0 2  2 0  0
   34642.1029692564     
    41   1.1611559635719        4     0 0  4 0  0
   1.16115596357189     
    42   7.2035019950191        4     2 0  1 1  0
   7.20350199501907     
    43  -10062.954846537        4     1 1  1 1  0
  -10062.9548465372     
    44   491177.02114081        4     0 2  1 1  0
   491177.021140814     
    45   18.411695414738        4     0 0  3 1  0
   18.4116954147384     
    46   4.5565532559882        4     3 0  0 0  1
   4.55655325598823     
    47  -626.94403687366        4     2 1  0 0  1
  -626.944036873661     
    48   31413.031834346        4     1 2  0 0  1
   31413.0318343458     
    49  -667137.28164545        4     0 3  0 0  1
  -667137.281645454     
    50   4.6017973333386        4     1 0  2 0  1
   4.60179733333863     
    51  -182.48410654628        4     0 1  2 0  1
  -182.484106546283     
    52  -1580.1115598204        4     2 0  0 2  0
  -1580.11155982045     
    53   107823.20696790        4     1 1  0 2  0
   107823.206967900     
    54   366572.55750507        4     0 2  0 2  0
   366572.557505068     
    55   3426.0884929946        4     0 0  2 2  0
   3426.08849299462     
    56   618.30294493361        4     1 0  1 1  1
   618.302944933611     
    57  -14901.177908140        4     0 1  1 1  1
  -14901.1779081403     
    58  -12.251030670160        4     2 0  0 0  2
  -12.2510306701604     
    59   1214.5351268555        4     1 1  0 0  2
   1214.53512685553     
    60  -17446.261812293        4     0 2  0 0  2
  -17446.2618122930     
    61  -3.7541188369579        4     0 0  2 0  2
  -3.75411883695794     
    62   51975.348992928        4     0 0  1 3  0
   51975.3489929282     
    63   5719.9130496134        4     1 0  0 2  1
   5719.91304961340     
    64  -390285.92434370        4     0 1  0 2  1
  -390285.924343702     
    65  -507.46619357240        4     0 0  1 1  2
  -507.466193572399     
    66   4.2066495727659        4     1 0  0 0  3
   4.20664957276589     
    67  -605.11563478723        4     0 1  0 0  3
  -605.115634787231     
    68  -203184.51701448        4     0 0  0 4  0
  -203184.517014475     
    69   1698.5414614897        4     0 0  0 2  2
   1698.54146148972     
    70   3.9300851921078        4     0 0  0 0  4
   3.93008519210780     
                                      

 etall    1, NO =    4, NV =    5, INA =   20
 *********************************************

    I  COEFFICIENT          ORDER   EXPONENTS
     1  0.45061313490973        1     0 0  1 0  0
  0.450613134909733     
     2   32.037651003809        1     0 0  0 1  0
   32.0376510038089     
     3   3.3202392918544        2     1 0  1 0  0
   3.32023929185440     
     4  -297.46353894868        2     0 1  1 0  0
  -297.463538948683     
     5   66.140782829666        2     1 0  0 1  0
   66.1407828296663     
     6  -7143.5795652143        2     0 1  0 1  0
  -7143.57956521427     
     7  -5.2024655959959        2     0 0  1 0  1
  -5.20246559599587     
     8  -18.355534108474        2     0 0  0 1  1
  -18.3555341084738     
     9  -10.588323667289        3     2 0  1 0  0
  -10.5883236672892     
    10   2699.2414793827        3     1 1  1 0  0
   2699.24147938269     
    11  -93919.724272585        3     0 2  1 0  0
  -93919.7242725851     
    12  -.77780320668313        3     0 0  3 0  0
 -0.777803206683133     
    13   49.829362104367        3     2 0  0 1  0
   49.8293621043670     
    14   16336.616737809        3     1 1  0 1  0
   16336.6167378094     
    15  -909101.21741954        3     0 2  0 1  0
  -909101.217419541     
    16  -659.53326577360        3     0 0  2 1  0
  -659.533265773604     
    17  -37.588817629176        3     1 0  1 0  1
  -37.5888176291755     
    18   122.02426480019        3     0 1  1 0  1
   122.024264800192     
    19  -25451.367197457        3     0 0  1 2  0
  -25451.3671974572     
    20  -433.29139274949        3     1 0  0 1  1
  -433.291392749486     
    21   22740.305202423        3     0 1  0 1  1
   22740.3052024226     
    22   46.134013067997        3     0 0  1 0  2
   46.1340130679974     
    23  -54084.107109815        3     0 0  0 3  0
  -54084.1071098145     
    24  -540.10442486173        3     0 0  0 1  2
  -540.104424861728     
    25  -3.8658406012277        4     3 0  1 0  0
  -3.86584060122766     
    26   3472.3795080074        4     2 1  1 0  0
   3472.37950800740     
    27  -405570.97946704        4     1 2  1 0  0
  -405570.979467042     
    28   15314364.355457        4     0 3  1 0  0
   15314364.3554567     
    29  -32.436706124325        4     1 0  3 0  0
  -32.4367061243246     
    30   5531.0273835923        4     0 1  3 0  0
   5531.02738359235     
    31   1574.2059862514        4     3 0  0 1  0
   1574.20598625141     
    32  -340012.61980806        4     2 1  0 1  0
  -340012.619808060     
    33   22662009.579431        4     1 2  0 1  0
   22662009.5794306     
    34  -447459069.38758        4     0 3  0 1  0
  -447459069.387580     
    35  -12106.273151424        4     1 0  2 1  0
  -12106.2731514241     
    36   825171.37991583        4     0 1  2 1  0
   825171.379915833     
    37  -259.78310545144        4     2 0  1 0  1
  -259.783105451445     
    38   15987.094428715        4     1 1  1 0  1
   15987.0944287147     
    39  -143221.73428709        4     0 2  1 0  1
  -143221.734287093     
    40  -56.134915731157        4     0 0  3 0  1
  -56.1349157311574     
    41  -91580.292573658        4     1 0  1 2  0
  -91580.2925736584     
    42   12316592.034502        4     0 1  1 2  0
   12316592.0345017     
    43   881.14336410957        4     2 0  0 1  1
   881.143364109574     
    44  -50699.342684143        4     1 1  0 1  1
  -50699.3426841426     
    45   1682045.3632922        4     0 2  0 1  1
   1682045.36329221     
    46   6777.8463223421        4     0 0  2 1  1
   6777.84632234208     
    47   447.58698268615        4     1 0  1 0  2
   447.586982686150     
    48  -17838.066713086        4     0 1  1 0  2
  -17838.0667130865     
    49   2241631.0913460        4     1 0  0 3  0
   2241631.09134598     
    50  -94643131.568126        4     0 1  0 3  0
  -94643131.5681263     
    51  -165878.56138756        4     0 0  1 2  1
  -165878.561387563     
    52  -4117.8882965946        4     1 0  0 1  2
  -4117.88829659461     
    53   163857.60155161        4     0 1  0 1  2
   163857.601551610     
    54  -149.87173511450        4     0 0  1 0  3
  -149.871735114496     
    55  -3937313.8130299        4     0 0  0 3  1
  -3937313.81302990     
    56   5429.6655018636        4     0 0  0 1  3
   5429.66550186356     
                                      

 etall    1, NO =    4, NV =    5, INA =   21
 *********************************************

    I  COEFFICIENT          ORDER   EXPONENTS
     1  -.38364185857283E-01    1     0 0  1 0  0
 -3.836418585728295E-002
     2  -.50841482369749        1     0 0  0 1  0
 -0.508414823697486     
     3  0.45717517211822E-01    2     1 0  1 0  0
  4.571751721182214E-002
     4  -5.9420652619847        2     0 1  1 0  0
  -5.94206526198472     
     5   1.3654805031248        2     1 0  0 1  0
   1.36548050312477     
     6  -149.90036121275        2     0 1  0 1  0
  -149.900361212750     
     7  -.81054419943324E-02    2     0 0  1 0  1
 -8.105441994332425E-003
     8  -4.8833348566730        2     0 0  0 1  1
  -4.88333485667297     
     9  0.81857677557015        3     2 0  1 0  0
  0.818576775570153     
    10  -108.71381332524        3     1 1  1 0  0
  -108.713813325241     
    11   3271.2965298789        3     0 2  1 0  0
   3271.29652987885     
    12  -.38818050418350        3     0 0  3 0  0
 -0.388180504183500     
    13   38.659378622493        3     2 0  0 1  0
   38.6593786224933     
    14  -5665.7373488738        3     1 1  0 1  0
  -5665.73734887382     
    15   199259.90090651        3     0 2  0 1  0
   199259.900906510     
    16  -15.674806544463        3     0 0  2 1  0
  -15.6748065444634     
    17  -.14621346938555        3     1 0  1 0  1
 -0.146213469385550     
    18   78.180352045591        3     0 1  1 0  1
   78.1803520455909     
    19   483.55398516197        3     0 0  1 2  0
   483.553985161974     
    20   32.778137311270        3     1 0  0 1  1
   32.7781373112697     
    21  -823.66308525352        3     0 1  0 1  1
  -823.663085253520     
    22  -.78896638805580        3     0 0  1 0  2
 -0.788966388055796     
    23   6610.8949404790        3     0 0  0 3  0
   6610.89494047900     
    24  -14.108219472915        3     0 0  0 1  2
  -14.1082194729148     
    25   2.0798908790827        4     3 0  1 0  0
   2.07989087908274     
    26  -534.69445625089        4     2 1  1 0  0
  -534.694456250886     
    27   46141.649581292        4     1 2  1 0  0
   46141.6495812923     
    28  -1370274.5545235        4     0 3  1 0  0
  -1370274.55452355     
    29  -.60844845751053        4     1 0  3 0  0
 -0.608448457510528     
    30  -164.22894856787        4     0 1  3 0  0
  -164.228948567870     
    31  -118.07161039165        4     3 0  0 1  0
  -118.071610391646     
    32   22481.727150573        4     2 1  0 1  0
   22481.7271505732     
    33  -1236268.8760081        4     1 2  0 1  0
  -1236268.87600810     
    34   18373191.055724        4     0 3  0 1  0
   18373191.0557244     
    35   390.75655336508        4     1 0  2 1  0
   390.756553365079     
    36  -30431.712284032        4     0 1  2 1  0
  -30431.7122840323     
    37   6.1089959371649        4     2 0  1 0  1
   6.10899593716487     
    38  -608.31258984951        4     1 1  1 0  1
  -608.312589849510     
    39   18465.986427138        4     0 2  1 0  1
   18465.9864271377     
    40   8.6234565668462        4     0 0  3 0  1
   8.62345656684622     
    41   7880.2895982097        4     1 0  1 2  0
   7880.28959820973     
    42  -634035.45978794        4     0 1  1 2  0
  -634035.459787945     
    43   170.52379693802        4     2 0  0 1  1
   170.523796938019     
    44  -16274.885643976        4     1 1  0 1  1
  -16274.8856439757     
    45   131496.08955692        4     0 2  0 1  1
   131496.089556924     
    46  -37.508635893850        4     0 0  2 1  1
  -37.5086358938503     
    47  -13.479370674699        4     1 0  1 0  2
  -13.4793706746987     
    48   749.17630752526        4     0 1  1 0  2
   749.176307525265     
    49  -147185.45212036        4     1 0  0 3  0
  -147185.452120360     
    50   7779895.2039161        4     0 1  0 3  0
   7779895.20391607     
    51  -1498.9299956339        4     0 0  1 2  1
  -1498.92999563388     
    52  -324.38337675564        4     1 0  0 1  2
  -324.383376755644     
    53   33070.710284306        4     0 1  0 1  2
   33070.7102843059     
    54   1.1202831552142        4     0 0  1 0  3
   1.12028315521420     
    55   58109.080311184        4     0 0  0 3  1
   58109.0803111844     
    56  -172.78785117457        4     0 0  0 1  3
  -172.787851174574     
                                      

 etall    1, NO =    4, NV =    5, INA =   22
 *********************************************

    I  COEFFICIENT          ORDER   EXPONENTS
     1   1.0000000000000        1     0 0  0 0  1
   1.00000000000000     
                                      

 etall    1, NO =    4, NV =    5, INA =   37
 *********************************************

    I  COEFFICIENT          ORDER   EXPONENTS
     1  0.10694447181048E-04    0     0 0  0 0  0
  1.069444718104773E-005
     2  -.18517899550490E-01    1     1 0  0 0  0
 -1.851789955048982E-002
     3   2.2581636687448        1     0 1  0 0  0
   2.25816366874475     
     4  0.16319622862044        1     0 0  0 0  1
  0.163196228620438     
     5  -.63781548085231E-01    2     2 0  0 0  0
 -6.378154808523118E-002
     6   6.0428261339984        2     1 1  0 0  0
   6.04282613399838     
     7  -270.24685901937        2     0 2  0 0  0
  -270.246859019365     
     8  -.64993921532388E-01    2     0 0  2 0  0
 -6.499392153238776E-002
     9  -2.1110866227753        2     0 0  1 1  0
  -2.11108662277534     
    10  -.11314863301766        2     1 0  0 0  1
 -0.113148633017665     
    11   13.839835860879        2     0 1  0 0  1
   13.8398358608788     
    12  -73.623404648751        2     0 0  0 2  0
  -73.6234046487512     
    13  -.43400234879830E-03    2     0 0  0 0  2
 -4.340023487982986E-004
    14  -.33715002071243        3     3 0  0 0  0
 -0.337150020712430     
    15   83.079980674938        3     2 1  0 0  0
   83.0799806749376     
    16  -5700.8744108528        3     1 2  0 0  0
  -5700.87441085282     
    17   110916.54405324        3     0 3  0 0  0
   110916.544053245     
    18  -.73592728966077        3     1 0  2 0  0
 -0.735927289660770     
    19   37.388490361118        3     0 1  2 0  0
   37.3884903611179     
    20   10.127675632216        3     1 0  1 1  0
   10.1276756322161     
    21  -101.25586152139        3     0 1  1 1  0
  -101.255861521388     
    22  -.17068663584864        3     2 0  0 0  1
 -0.170686635848637     
    23  -44.250114313361        3     1 1  0 0  1
  -44.2501143133614     
    24   3847.1221009373        3     0 2  0 0  1
   3847.12210093732     
    25  0.33394626570955        3     0 0  2 0  1
  0.333946265709555     
    26   1210.6153856334        3     1 0  0 2  0
   1210.61538563342     
    27  -72506.034361076        3     0 1  0 2  0
  -72506.0343610757     
    28  -20.281437907447        3     0 0  1 1  1
  -20.2814379074472     
    29   1.0374042055073        3     1 0  0 0  2
   1.03740420550725     
    30  -112.76388528389        3     0 1  0 0  2
  -112.763885283887     
    31   170.20338458922        3     0 0  0 2  1
   170.203384589219     
    32  0.88250293437295        3     0 0  0 0  3
  0.882502934372945     
    33   1.7696954186864        4     4 0  0 0  0
   1.76969541868644     
    34  -389.01537642249        4     3 1  0 0  0
  -389.015376422488     
    35   20822.288593566        4     2 2  0 0  0
   20822.2885935658     
    36   328404.74584587        4     1 3  0 0  0
   328404.745845875     
    37  -31832712.262813        4     0 4  0 0  0
  -31832712.2628131     
    38   4.7097185287585        4     2 0  2 0  0
   4.70971852875848     
    39  -532.11807609734        4     1 1  2 0  0
  -532.118076097341     
    40   8369.2256686304        4     0 2  2 0  0
   8369.22566863042     
    41  -1.7211140992782        4     0 0  4 0  0
  -1.72111409927817     
    42   382.38780124078        4     2 0  1 1  0
   382.387801240781     
    43  -60839.859207699        4     1 1  1 1  0
  -60839.8592076985     
    44   2252483.0941237        4     0 2  1 1  0
   2252483.09412371     
    45  -39.999801220754        4     0 0  3 1  0
  -39.9998012207540     
    46  -7.9991416631887        4     3 0  0 0  1
  -7.99914166318873     
    47   1910.5439935667        4     2 1  0 0  1
   1910.54399356674     
    48  -139721.47859667        4     1 2  0 0  1
  -139721.478596667     
    49   3067149.9038444        4     0 3  0 0  1
   3067149.90384439     
    50  -11.419687405223        4     1 0  2 0  1
  -11.4196874052227     
    51   1136.0783779045        4     0 1  2 0  1
   1136.07837790451     
    52  -3315.1896897879        4     2 0  0 2  0
  -3315.18968978792     
    53   151354.09083914        4     1 1  0 2  0
   151354.090839139     
    54   7103793.8857232        4     0 2  0 2  0
   7103793.88572317     
    55   7127.8530182335        4     0 0  2 2  0
   7127.85301823348     
    56  -296.87740970680        4     1 0  1 1  1
  -296.877409706804     
    57   31524.479540810        4     0 1  1 1  1
   31524.4795408100     
    58  -2.3659270009463        4     2 0  0 0  2
  -2.36592700094630     
    59  -63.093457586797        4     1 1  0 0  2
  -63.0934575867967     
    60   13705.323006112        4     0 2  0 0  2
   13705.3230061120     
    61  -7.9820248844155        4     0 0  2 0  2
  -7.98202488441550     
    62   219618.56943899        4     0 0  1 3  0
   219618.569438991     
    63   3170.8408915317        4     1 0  0 2  1
   3170.84089153168     
    64  -124227.59025007        4     0 1  0 2  1
  -124227.590250072     
    65  -266.70403509915        4     0 0  1 1  2
  -266.704035099147     
    66   7.3260083246265        4     1 0  0 0  3
   7.32600832462651     
    67  -211.75647123682        4     0 1  0 0  3
  -211.756471236824     
    68   225455.94708860        4     0 0  0 4  0
   225455.947088599     
    69  -5571.6486319601        4     0 0  0 2  2
  -5571.64863196012     
    70  -6.1109228970181        4     0 0  0 0  4
  -6.11092289701814     
                                      
