@ NAME             %09s "MAP_TABLE"
@ TYPE             %07s "MAP_TAB"
@ TITLE            %08s "no-title"
@ ORIGIN           %19s "MAD-X 4.01.41 Linux"
@ DATE             %08s "03/02/11"
@ TIME             %08s "20.02.18"
*               COEF   N_VECTOR         NV      ORDER         NX        NXP         NY        NYP    NDELTAP         NT 
$                %le         %d         %d         %d         %d         %d         %d         %d         %d         %d 
    8.892809092e-05          1          5          0          0          0          0          0          0          0
       -2.439933799          1          5          1          1          0          0          0          0          0
        177.6130367          1          5          1          0          1          0          0          0          0
        2.220749487          1          5          1          0          0          0          0          1          0
       -1.430491391          1          5          2          2          0          0          0          0          0
       -67.16013997          1          5          2          1          1          0          0          0          0
      -0.2085410552          1          5          2          1          0          0          0          1          0
        2966.061618          1          5          2          0          2          0          0          0          0
       -203.6760651          1          5          2          0          1          0          0          1          0
       -4.047230249          1          5          2          0          0          2          0          0          0
       -273.5249629          1          5          2          0          0          1          1          0          0
       -3418.343946          1          5          2          0          0          0          2          0          0
        8.957091866          1          5          2          0          0          0          0          2          0
        28.73085872          1          5          3          3          0          0          0          0          0
       -4083.941695          1          5          3          2          1          0          0          0          0
       -70.09240911          1          5          3          2          0          0          0          1          0
        118546.2898          1          5          3          1          2          0          0          0          0
        13443.56072          1          5          3          1          1          0          0          1          0
        27.33287554          1          5          3          1          0          2          0          0          0
        828.7831015          1          5          3          1          0          1          1          0          0
        -1687.39118          1          5          3          1          0          0          2          0          0
       -13.27479978          1          5          3          1          0          0          0          2          0
        1202217.805          1          5          3          0          3          0          0          0          0
       -535599.9567          1          5          3          0          2          0          0          1          0
        161.2222787          1          5          3          0          1          2          0          0          0
        -75525.8656          1          5          3          0          1          1          1          0          0
       -973432.9739          1          5          3          0          1          0          2          0          0
       -346.2795919          1          5          3          0          1          0          0          2          0
       -85.72563117          1          5          3          0          0          2          0          1          0
        775.6049601          1          5          3          0          0          1          1          1          0
        34104.65284          1          5          3          0          0          0          2          1          0
       -9.519673401          1          5          3          0          0          0          0          3          0
        177.4945507          1          5          4          4          0          0          0          0          0
       -49937.55081          1          5          4          3          1          0          0          0          0
       -64.66327211          1          5          4          3          0          0          0          1          0
        5301765.188          1          5          4          2          2          0          0          0          0
        33094.69822          1          5          4          2          1          0          0          1          0
        522.8608126          1          5          4          2          0          2          0          0          0
        7612.137355          1          5          4          2          0          1          1          0          0
       -189704.3397          1          5          4          2          0          0          2          0          0
       -627.1825087          1          5          4          2          0          0          0          2          0
       -248683097.5          1          5          4          1          3          0          0          0          0
       -2932373.971          1          5          4          1          2          0          0          1          0
         -70534.149          1          5          4          1          1          2          0          0          0
       -1629301.207          1          5          4          1          1          1          1          0          0
        15314266.74          1          5          4          1          1          0          2          0          0
        43424.28396          1          5          4          1          1          0          0          2          0
       -217.6859276          1          5          4          1          0          2          0          1          0
         24986.6794          1          5          4          1          0          1          1          1          0
        332645.5337          1          5          4          1          0          0          2          1          0
        415.1567255          1          5          4          1          0          0          0          3          0
         4319355435          1          5          4          0          4          0          0          0          0
         63672824.2          1          5          4          0          3          0          0          1          0
        2576510.401          1          5          4          0          2          2          0          0          0
        69442947.24          1          5          4          0          2          1          1          0          0
        -20188389.3          1          5          4          0          2          0          2          0          0
        474100.3609          1          5          4          0          2          0          0          2          0
        13302.19777          1          5          4          0          1          2          0          1          0
       -46411.98775          1          5          4          0          1          1          1          1          0
        -22751806.7          1          5          4          0          1          0          2          1          0
       -41621.72662          1          5          4          0          1          0          0          3          0
        95.61377312          1          5          4          0          0          4          0          0          0
        1227.868671          1          5          4          0          0          3          1          0          0
        298342.7263          1          5          4          0          0          2          2          0          0
       -29.77233829          1          5          4          0          0          2          0          2          0
         5471284.26          1          5          4          0          0          1          3          0          0
       -36153.73224          1          5          4          0          0          1          1          2          0
       -25031558.28          1          5          4          0          0          0          4          0          0
        2001.186454          1          5          4          0          0          0          2          2          0
        151.4674347          1          5          4          0          0          0          0          4          0
    7.277272998e-07          2          5          0          0          0          0          0          0          0
     -0.03835111377          2          5          1          1          0          0          0          0          0
        2.381891583          2          5          1          0          1          0          0          0          0
      0.04249546271          2          5          1          0          0          0          0          1          0
     -0.01681415286          2          5          2          2          0          0          0          0          0
       -1.400608278          2          5          2          1          1          0          0          0          0
      0.02978218916          2          5          2          1          0          0          0          1          0
        64.81767062          2          5          2          0          2          0          0          0          0
       -5.572950869          2          5          2          0          1          0          0          1          0
     -0.09393918118          2          5          2          0          0          2          0          0          0
       -5.591433551          2          5          2          0          0          1          1          0          0
       -69.58556365          2          5          2          0          0          0          2          0          0
        0.148605815          2          5          2          0          0          0          0          2          0
       0.4667134202          2          5          3          3          0          0          0          0          0
       -81.25502017          2          5          3          2          1          0          0          0          0
      -0.4981522315          2          5          3          2          0          0          0          1          0
        3756.301983          2          5          3          1          2          0          0          0          0
        151.6492968          2          5          3          1          1          0          0          1          0
       0.4992980029          2          5          3          1          0          2          0          0          0
      -0.6518758773          2          5          3          1          0          1          1          0          0
       -510.0437618          2          5          3          1          0          0          2          0          0
      -0.9568708874          2          5          3          1          0          0          0          2          0
       -33728.01393          2          5          3          0          3          0          0          0          0
       -7399.830666          2          5          3          0          2          0          0          1          0
       -9.641498681          2          5          3          0          1          2          0          0          0
       -395.3379594          2          5          3          0          1          1          1          0          0
        20114.84541          2          5          3          0          1          0          2          0          0
        54.21520468          2          5          3          0          1          0          0          2          0
      -0.9377741856          2          5          3          0          0          2          0          1          0
        19.45868658          2          5          3          0          0          1          1          1          0
        352.6265847          2          5          3          0          0          0          2          1          0
      -0.1594752422          2          5          3          0          0          0          0          3          0
        1.285779887          2          5          4          4          0          0          0          0          0
        -438.171689          2          5          4          3          1          0          0          0          0
        4.556553256          2          5          4          3          0          0          0          1          0
        55924.67543          2          5          4          2          2          0          0          0          0
       -626.9440369          2          5          4          2          1          0          0          1          0
        5.872476541          2          5          4          2          0          2          0          0          0
        7.203501995          2          5          4          2          0          1          1          0          0
        -1580.11156          2          5          4          2          0          0          2          0          0
       -12.25103067          2          5          4          2          0          0          0          2          0
       -3141006.884          2          5          4          1          3          0          0          0          0
        31413.03183          2          5          4          1          2          0          0          1          0
       -878.5485647          2          5          4          1          1          2          0          0          0
       -10062.95485          2          5          4          1          1          1          1          0          0
         107823.207          2          5          4          1          1          0          2          0          0
        1214.535127          2          5          4          1          1          0          0          2          0
        4.601797333          2          5          4          1          0          2          0          1          0
        618.3029449          2          5          4          1          0          1          1          1          0
         5719.91305          2          5          4          1          0          0          2          1          0
        4.206649573          2          5          4          1          0          0          0          3          0
        64867328.25          2          5          4          0          4          0          0          0          0
       -667137.2816          2          5          4          0          3          0          0          1          0
        34642.10297          2          5          4          0          2          2          0          0          0
        491177.0211          2          5          4          0          2          1          1          0          0
        366572.5575          2          5          4          0          2          0          2          0          0
       -17446.26181          2          5          4          0          2          0          0          2          0
       -182.4841065          2          5          4          0          1          2          0          1          0
       -14901.17791          2          5          4          0          1          1          1          1          0
       -390285.9243          2          5          4          0          1          0          2          1          0
       -605.1156348          2          5          4          0          1          0          0          3          0
        1.161155964          2          5          4          0          0          4          0          0          0
        18.41169541          2          5          4          0          0          3          1          0          0
        3426.088493          2          5          4          0          0          2          2          0          0
       -3.754118837          2          5          4          0          0          2          0          2          0
        51975.34899          2          5          4          0          0          1          3          0          0
       -507.4661936          2          5          4          0          0          1          1          2          0
        -203184.517          2          5          4          0          0          0          4          0          0
        1698.541461          2          5          4          0          0          0          2          2          0
        3.930085192          2          5          4          0          0          0          0          4          0
       0.4506131349          3          5          1          0          0          1          0          0          0
          32.037651          3          5          1          0          0          0          1          0          0
        3.320239292          3          5          2          1          0          1          0          0          0
        66.14078283          3          5          2          1          0          0          1          0          0
       -297.4635389          3          5          2          0          1          1          0          0          0
       -7143.579565          3          5          2          0          1          0          1          0          0
       -5.202465596          3          5          2          0          0          1          0          1          0
       -18.35553411          3          5          2          0          0          0          1          1          0
       -10.58832367          3          5          3          2          0          1          0          0          0
         49.8293621          3          5          3          2          0          0          1          0          0
        2699.241479          3          5          3          1          1          1          0          0          0
        16336.61674          3          5          3          1          1          0          1          0          0
       -37.58881763          3          5          3          1          0          1          0          1          0
       -433.2913927          3          5          3          1          0          0          1          1          0
       -93919.72427          3          5          3          0          2          1          0          0          0
       -909101.2174          3          5          3          0          2          0          1          0          0
        122.0242648          3          5          3          0          1          1          0          1          0
         22740.3052          3          5          3          0          1          0          1          1          0
      -0.7778032067          3          5          3          0          0          3          0          0          0
       -659.5332658          3          5          3          0          0          2          1          0          0
        -25451.3672          3          5          3          0          0          1          2          0          0
        46.13401307          3          5          3          0          0          1          0          2          0
       -54084.10711          3          5          3          0          0          0          3          0          0
       -540.1044249          3          5          3          0          0          0          1          2          0
       -3.865840601          3          5          4          3          0          1          0          0          0
        1574.205986          3          5          4          3          0          0          1          0          0
        3472.379508          3          5          4          2          1          1          0          0          0
       -340012.6198          3          5          4          2          1          0          1          0          0
       -259.7831055          3          5          4          2          0          1          0          1          0
        881.1433641          3          5          4          2          0          0          1          1          0
       -405570.9795          3          5          4          1          2          1          0          0          0
        22662009.58          3          5          4          1          2          0          1          0          0
        15987.09443          3          5          4          1          1          1          0          1          0
       -50699.34268          3          5          4          1          1          0          1          1          0
       -32.43670612          3          5          4          1          0          3          0          0          0
       -12106.27315          3          5          4          1          0          2          1          0          0
       -91580.29257          3          5          4          1          0          1          2          0          0
        447.5869827          3          5          4          1          0          1          0          2          0
        2241631.091          3          5          4          1          0          0          3          0          0
       -4117.888297          3          5          4          1          0          0          1          2          0
        15314364.36          3          5          4          0          3          1          0          0          0
       -447459069.4          3          5          4          0          3          0          1          0          0
       -143221.7343          3          5          4          0          2          1          0          1          0
        1682045.363          3          5          4          0          2          0          1          1          0
        5531.027384          3          5          4          0          1          3          0          0          0
        825171.3799          3          5          4          0          1          2          1          0          0
        12316592.03          3          5          4          0          1          1          2          0          0
       -17838.06671          3          5          4          0          1          1          0          2          0
       -94643131.57          3          5          4          0          1          0          3          0          0
        163857.6016          3          5          4          0          1          0          1          2          0
       -56.13491573          3          5          4          0          0          3          0          1          0
        6777.846322          3          5          4          0          0          2          1          1          0
       -165878.5614          3          5          4          0          0          1          2          1          0
       -149.8717351          3          5          4          0          0          1          0          3          0
       -3937313.813          3          5          4          0          0          0          3          1          0
        5429.665502          3          5          4          0          0          0          1          3          0
     -0.03836418586          4          5          1          0          0          1          0          0          0
      -0.5084148237          4          5          1          0          0          0          1          0          0
      0.04571751721          4          5          2          1          0          1          0          0          0
        1.365480503          4          5          2          1          0          0          1          0          0
       -5.942065262          4          5          2          0          1          1          0          0          0
       -149.9003612          4          5          2          0          1          0          1          0          0
    -0.008105441994          4          5          2          0          0          1          0          1          0
       -4.883334857          4          5          2          0          0          0          1          1          0
       0.8185767756          4          5          3          2          0          1          0          0          0
        38.65937862          4          5          3          2          0          0          1          0          0
       -108.7138133          4          5          3          1          1          1          0          0          0
       -5665.737349          4          5          3          1          1          0          1          0          0
      -0.1462134694          4          5          3          1          0          1          0          1          0
        32.77813731          4          5          3          1          0          0          1          1          0
         3271.29653          4          5          3          0          2          1          0          0          0
        199259.9009          4          5          3          0          2          0          1          0          0
        78.18035205          4          5          3          0          1          1          0          1          0
       -823.6630853          4          5          3          0          1          0          1          1          0
      -0.3881805042          4          5          3          0          0          3          0          0          0
       -15.67480654          4          5          3          0          0          2          1          0          0
        483.5539852          4          5          3          0          0          1          2          0          0
      -0.7889663881          4          5          3          0          0          1          0          2          0
         6610.89494          4          5          3          0          0          0          3          0          0
       -14.10821947          4          5          3          0          0          0          1          2          0
        2.079890879          4          5          4          3          0          1          0          0          0
       -118.0716104          4          5          4          3          0          0          1          0          0
       -534.6944563          4          5          4          2          1          1          0          0          0
        22481.72715          4          5          4          2          1          0          1          0          0
        6.108995937          4          5          4          2          0          1          0          1          0
        170.5237969          4          5          4          2          0          0          1          1          0
        46141.64958          4          5          4          1          2          1          0          0          0
       -1236268.876          4          5          4          1          2          0          1          0          0
       -608.3125898          4          5          4          1          1          1          0          1          0
       -16274.88564          4          5          4          1          1          0          1          1          0
      -0.6084484575          4          5          4          1          0          3          0          0          0
        390.7565534          4          5          4          1          0          2          1          0          0
        7880.289598          4          5          4          1          0          1          2          0          0
       -13.47937067          4          5          4          1          0          1          0          2          0
       -147185.4521          4          5          4          1          0          0          3          0          0
       -324.3833768          4          5          4          1          0          0          1          2          0
       -1370274.555          4          5          4          0          3          1          0          0          0
        18373191.06          4          5          4          0          3          0          1          0          0
        18465.98643          4          5          4          0          2          1          0          1          0
        131496.0896          4          5          4          0          2          0          1          1          0
       -164.2289486          4          5          4          0          1          3          0          0          0
       -30431.71228          4          5          4          0          1          2          1          0          0
       -634035.4598          4          5          4          0          1          1          2          0          0
        749.1763075          4          5          4          0          1          1          0          2          0
        7779895.204          4          5          4          0          1          0          3          0          0
        33070.71028          4          5          4          0          1          0          1          2          0
        8.623456567          4          5          4          0          0          3          0          1          0
       -37.50863589          4          5          4          0          0          2          1          1          0
       -1498.929996          4          5          4          0          0          1          2          1          0
        1.120283155          4          5          4          0          0          1          0          3          0
        58109.08031          4          5          4          0          0          0          3          1          0
       -172.7878512          4          5          4          0          0          0          1          3          0
                  1          5          5          1          0          0          0          0          1          0
