
 etall    1, NO =    4, NV =    4, INA =   15
 *********************************************

    I  COEFFICIENT          ORDER   EXPONENTS
     1  -.65128086413460E-08    0     0 0  0 0
 -6.512808641345985E-9
     2   1.0036001023046        1     1 0  0 0
 1.0036001023045942
     3  -.29143367677108E-01    1     0 1  0 0
 -0.02914336767710779
     4  0.11396464309340E-02    2     2 0  0 0
 0.0011396464309339743
     5  -.38154299963187E-02    2     1 1  0 0
 -0.003815429996318726
     6  -.53153108695284E-02    2     0 2  0 0
 -0.00531531086952836
     7  0.51747512831019E-01    2     0 0  2 0
 0.05174751283101866
     8  -1.2457219198643        2     0 0  1 1
 -1.2457219198643101
     9  -4.7651040339820        2     0 0  0 2
 -4.765104033981966
    10  -.60236375349493E-14    3     3 0  0 0
 -6.023637534949278E-15
    11  0.30056729058780E-02    3     2 1  0 0
 0.003005672905878012
    12  -.30537531195658E-01    3     1 2  0 0
 -0.03053753119565751
    13  0.96160610368993E-01    3     0 3  0 0
 0.09616061036899337
    14  -.28675115712520        3     1 0  2 0
 -0.28675115712520477
    15   2.3183773282727        3     0 1  2 0
 2.318377328272692
    16  -3.4521378726577        3     1 0  1 1
 -3.4521378726576586
    17   15.756455308856        3     0 1  1 1
 15.75645530885625
    18  -11.726125597683        3     1 0  0 2
 -11.72612559768335
    19   61.901370450220        3     0 1  0 2
 61.901370450219574
    20  0.15057468726643E-01    4     4 0  0 0
 0.015057468726643177
    21  0.90825344780446E-01    4     3 1  0 0
 0.09082534478044574
    22  -3.6252863581434        4     2 2  0 0
 -3.6252863581433545
    23   14.825783552574        4     1 3  0 0
 14.825783552574315
    24  -9.1561833466340        4     0 4  0 0
 -9.15618334663401
    25  -.42605819828129        4     2 0  2 0
 -0.4260581982812893
    26   5.2602301837457        4     1 1  2 0
 5.260230183745691
    27  -5.9664845073850        4     0 2  2 0
 -5.966484507384964
    28  -1.4405832901278        4     2 0  1 1
 -1.4405832901277733
    29   41.464502317941        4     1 1  1 1
 41.464502317940905
    30  -110.61547551834        4     0 2  1 1
 -110.6154755183431
    31   3.9111479335414        4     2 0  0 2
 3.9111479335413657
    32   4.4383766952341        4     1 1  0 2
 4.438376695234101
    33  -170.85542521443        4     0 2  0 2
 -170.85542521443105
    34  -.91346001401432E-01    4     0 0  4 0
 -0.09134600140143241
    35  -1.7113365909628        4     0 0  3 1
 -1.711336590962838
    36  -9.5053051009581        4     0 0  2 2
 -9.505305100958134
    37  -34.303627484965        4     0 0  1 3
 -34.30362748496487
    38  -62.478407970637        4     0 0  0 4
 -62.47840797063695
                                      

 etall    1, NO =    4, NV =    4, INA =   19
 *********************************************

    I  COEFFICIENT          ORDER   EXPONENTS
     1  -.64389459707683E-09    0     0 0  0 0
 -6.43894597076835E-10
     2  0.99789070370838E-03    1     1 0  0 0
 0.0009978907037083793
     3  0.99638383436600        1     0 1  0 0
 0.9963838343659974
     4  0.37465123605647E-03    2     2 0  0 0
 0.00037465123605647346
     5  -.22884564635202E-02    2     1 1  0 0
 -0.0022884564635201926
     6  0.19219397697239E-02    2     0 2  0 0
 0.0019219397697238612
     7  0.24909480948640E-01    2     0 0  2 0
 0.024909480948639512
     8  -.26599075200959        2     0 0  1 1
 -0.2659907520095938
     9  -1.3129473624733        2     0 0  0 2
 -1.3129473624732797
    10  0.61563454737595E-05    3     3 0  0 0
 0.0000061563454737595445
    11  0.48009505909960E-05    3     2 1  0 0
 0.0000048009505909959684
    12  -.30228976276152E-02    3     1 2  0 0
 -0.0030228976276152246
    13  0.10243810217699E-01    3     0 3  0 0
 0.01024381021769874
    14  -.87997503704683E-01    3     1 0  2 0
 -0.08799750370468275
    15  0.25514185828676        3     0 1  2 0
 0.255141858286756
    16  -1.0284050210016        3     1 0  1 1
 -1.0284050210015716
    17   3.2705564079145        3     0 1  1 1
 3.270556407914522
    18  -3.1508837103812        3     1 0  0 2
 -3.1508837103811684
    19   11.061310891726        3     0 1  0 2
 11.06131089172606
    20  0.44996527873036E-02    4     4 0  0 0
 0.004499652787303591
    21  -.60226986018759E-01    4     3 1  0 0
 -0.06022698601875904
    22  -.13625230937094        4     2 2  0 0
 -0.13625230937094404
    23   2.4169188239251        4     1 3  0 0
 2.4169188239251347
    24  -3.7065433410543        4     0 4  0 0
 -3.706543341054269
    25  -.50389560132198E-01    4     2 0  2 0
 -0.05038956013219793
    26  0.85612161408359        4     1 1  2 0
 0.8561216140835946
    27  -2.1105092190751        4     0 2  2 0
 -2.1105092190750923
    28  0.38752239368108E-01    4     2 0  1 1
 0.03875223936810754
    29   2.5561862178623        4     1 1  1 1
 2.5561862178622894
    30  -15.154708930721        4     0 2  1 1
 -15.154708930721323
    31  0.66338771521156        4     2 0  0 2
 0.663387715211563
    32  -8.6668916904095        4     1 1  0 2
 -8.666891690409503
    33  0.15062813076564        4     0 2  0 2
 0.15062813076563897
    34  -.21224764571192E-01    4     0 0  4 0
 -0.021224764571192215
    35  -.35035351249962        4     0 0  3 1
 -0.3503535124996237
    36  -2.3371316479197        4     0 0  2 2
 -2.33713164791968
    37  -8.9822447310205        4     0 0  1 3
 -8.982244731020483
    38  -15.435482256662        4     0 0  0 4
 -15.435482256662048
                                      

 etall    1, NO =    4, NV =    4, INA =   20
 *********************************************

    I  COEFFICIENT          ORDER   EXPONENTS
     1  0.24601102625829        1     0 0  1 0
 0.24601102625828797
     2   5.2687541993121        1     0 0  0 1
 5.26875419931214
     3  0.32825111542441        2     1 0  1 0
 0.32825111542441
     4  -.85822781401913        2     0 1  1 0
 -0.8582278140191331
     5  -.75395053230117        2     1 0  0 1
 -0.7539505323011728
     6   4.2256262997986        2     0 1  0 1
 4.225626299798625
     7  -.31241313090325        3     2 0  1 0
 -0.3124131309032517
     8   1.8537388908760        3     1 1  1 0
 1.8537388908759818
     9  -9.9554917835701        3     0 2  1 0
 -9.95549178357006
    10  -1.4029697962114        3     2 0  0 1
 -1.4029697962113743
    11   8.3962318366647        3     1 1  0 1
 8.396231836664718
    12  -19.598225740065        3     0 2  0 1
 -19.59822574006492
    13  0.30667952537484        3     0 0  3 0
 0.3066795253748399
    14   1.7940646802283        3     0 0  2 1
 1.7940646802282676
    15   4.8973470734289        3     0 0  1 2
 4.897347073428901
    16   5.8762324004243        3     0 0  0 3
 5.876232400424282
    17  -.73668786468269E-01    4     3 0  1 0
 -0.07366878646826892
    18   3.0984438043890        4     2 1  1 0
 3.0984438043890434
    19  -17.186418769063        4     1 2  1 0
 -17.186418769063096
    20   5.7948737396743        4     0 3  1 0
 5.7948737396742995
    21  0.76102929538390        4     3 0  0 1
 0.761029295383899
    22  0.36458625373303        4     2 1  0 1
 0.3645862537330262
    23  -67.824963123632        4     1 2  0 1
 -67.82496312363234
    24   132.19827726210        4     0 3  0 1
 132.19827726210255
    25  -.34691063345345E-01    4     1 0  3 0
 -0.03469106334534501
    26  0.68577612679480        4     0 1  3 0
 0.6857761267947956
    27  -1.3701610763610        4     1 0  2 1
 -1.3701610763609904
    28   12.025999922164        4     0 1  2 1
 12.025999922164495
    29  -11.791975816352        4     1 0  1 2
 -11.791975816352466
    30   58.023781091098        4     0 1  1 2
 58.023781091097845
    31  -28.946941854685        4     1 0  0 3
 -28.946941854684795
    32   97.914353438481        4     0 1  0 3
 97.9143534384807
                                      

 etall    1, NO =    4, NV =    4, INA =   21
 *********************************************

    I  COEFFICIENT          ORDER   EXPONENTS
     1  -.24600162405185        1     0 0  1 0
 -0.24600162405184747
     2  -1.2036943801449        1     0 0  0 1
 -1.2036943801448592
     3  -.12542230089318        2     1 0  1 0
 -0.12542230089317513
     4  0.43312194109747        2     0 1  1 0
 0.4331219410974713
     5  -.32613252107077        2     1 0  0 1
 -0.32613252107077023
     6  0.85141759762490        2     0 1  0 1
 0.8514175976249003
     7  -.45347635576017E-01    3     2 0  1 0
 -0.04534763557601668
     8  0.34977966487780        3     1 1  1 0
 0.34977966487780376
     9  0.53320393673135        3     0 2  1 0
 0.5332039367313517
    10  -.27733331166993        3     2 0  0 1
 -0.2773333116699289
    11   2.4097961648915        3     1 1  0 1
 2.409796164891526
    12  -7.2839497010921        3     0 2  0 1
 -7.283949701092068
    13  -.42329249117641E-01    3     0 0  3 0
 -0.04232924911764085
    14  -.15241854092923        3     0 0  2 1
 -0.15241854092922735
    15  0.20399653403363        3     0 0  1 2
 0.20399653403362947
    16   2.5701303248373        3     0 0  0 3
 2.570130324837257
    17  0.11072625263845E-01    4     3 0  1 0
 0.011072625263845311
    18  -.34074097320781        4     2 1  1 0
 -0.34074097320781205
    19  0.16464905213061        4     1 2  1 0
 0.16464905213060502
    20   5.2433952505632        4     0 3  1 0
 5.243395250563152
    21  -.74182631129137E-01    4     3 0  0 1
 -0.07418263112913666
    22  -1.7476255633519        4     2 1  0 1
 -1.74762556335194
    23   14.918150421861        4     1 2  0 1
 14.91815042186138
    24  -7.8446952633812        4     0 3  0 1
 -7.8446952633811815
    25  -.31603819249139E-01    4     1 0  3 0
 -0.03160381924913851
    26  -.10472369966546E-01    4     0 1  3 0
 -0.01047236996654561
    27  -.26742097540651        4     1 0  2 1
 -0.2674209754065052
    28  -1.1263910218499        4     0 1  2 1
 -1.1263910218498696
    29  -1.2641367082263        4     1 0  1 2
 -1.2641367082262598
    30  -.52843931717385E-01    4     0 1  1 2
 -0.052843931717385106
    31  -4.9674962049105        4     1 0  0 3
 -4.9674962049105345
    32   17.725684301350        4     0 1  0 3
 17.725684301350057
                                      
 0.

 etall    1, NO =    4, NV =    4, INA =   27
 *********************************************

    I  COEFFICIENT          ORDER   EXPONENTS
     1  -.13446550539697E-07    0     0 0  0 0
 -1.3446550539697455E-8
     2  -.31115210153192E-02    1     1 0  0 0
 -0.003111521015319217
     3  0.35621015568863E-02    1     0 1  0 0
 0.0035621015568863008
     4  0.50607002603135        2     2 0  0 0
 0.5060700260313544
     5  -3.6581215860256        2     1 1  0 0
 -3.6581215860256036
     6   14.788527712265        2     0 2  0 0
 14.788527712264948
     7   1.8760998932129        2     0 0  2 0
 1.8760998932129023
     8   12.381409652412        2     0 0  1 1
 12.381409652412142
     9   45.818405971054        2     0 0  0 2
 45.81840597105444
    10  0.12671755937921        3     3 0  0 0
 0.1267175593792125
    11  -1.1567645521935        3     2 1  0 0
 -1.1567645521935315
    12   1.9333993561169        3     1 2  0 0
 1.9333993561168543
    13   1.8000612171863        3     0 3  0 0
 1.8000612171863417
    14   1.3614702125566        3     1 0  2 0
 1.3614702125566425
    15  -3.6110215844082        3     0 1  2 0
 -3.6110215844082
    16   9.6542581991978        3     1 0  1 1
 9.654258199197773
    17  -28.175500301802        3     0 1  1 1
 -28.17550030180194
    18   10.032610316786        3     1 0  0 2
 10.032610316786062
    19  -22.983122485794        3     0 1  0 2
 -22.983122485794404
    20  -.12713245544310E-01    4     4 0  0 0
 -0.012713245544310098
    21  0.33272593073923        4     3 1  0 0
 0.33272593073922685
    22  -2.5725796128368        4     2 2  0 0
 -2.5725796128367713
    23   5.5776592948294        4     1 3  0 0
 5.577659294829353
    24  -10.445990267158        4     0 4  0 0
 -10.445990267158052
    25   1.1176261282749        4     2 0  2 0
 1.1176261282749105
    26  -9.2728993290589        4     1 1  2 0
 -9.27289932905889
    27   21.378991363885        4     0 2  2 0
 21.37899136388528
    28   4.4157792964520        4     2 0  1 1
 4.415779296452021
    29  -40.106326002159        4     1 1  1 1
 -40.1063260021592
    30   128.17333053045        4     0 2  1 1
 128.17333053044896
    31   4.7146706883755        4     2 0  0 2
 4.714670688375511
    32  -31.876555155140        4     1 1  0 2
 -31.8765551551396
    33   235.78566882565        4     0 2  0 2
 235.78566882564957
    34  0.11733174065277        4     0 0  4 0
 0.11733174065276884
    35   3.4664587580511        4     0 0  3 1
 3.4664587580511323
    36   21.850053587149        4     0 0  2 2
 21.850053587149343
    37   33.786235272375        4     0 0  1 3
 33.78623527237501
    38  -6.4635675441915        4     0 0  0 4
 -6.463567544191536
                                      
