# footprint plot creation foot.1.0
# number of values read                  : 43
# number of points at constant amplitude : 7
# number of amplitudes                   : 6
3.039490e-01 3.140069e-01
3.048633e-01 3.144843e-01
3.067288e-01 3.154010e-01
3.083660e-01 3.160090e-01
3.095975e-01 3.160600e-01
3.107268e-01 3.154091e-01
3.117092e-01 3.116982e-01
3.117092e-01 3.116982e-01
3.107268e-01 3.154091e-01
3.095975e-01 3.160600e-01
3.083660e-01 3.160090e-01
3.067288e-01 3.154010e-01
3.048633e-01 3.144843e-01
3.039490e-01 3.140069e-01
3.048360e-01 3.145165e-01
3.066539e-01 3.155278e-01
3.082491e-01 3.162666e-01
3.094149e-01 3.164569e-01
3.104136e-01 3.160129e-01
3.114753e-01 3.142991e-01
3.114753e-01 3.142991e-01
3.104136e-01 3.160129e-01
3.094149e-01 3.164569e-01
3.082491e-01 3.162666e-01
3.066539e-01 3.155278e-01
3.048360e-01 3.145165e-01
3.039490e-01 3.140069e-01
3.047578e-01 3.146052e-01
3.064324e-01 3.158489e-01
3.078997e-01 3.168644e-01
3.089011e-01 3.173396e-01
3.096186e-01 3.173333e-01
3.102604e-01 3.168983e-01
3.102604e-01 3.168983e-01
3.096186e-01 3.173333e-01
3.089011e-01 3.173396e-01
3.078997e-01 3.168644e-01
3.064324e-01 3.158489e-01
3.047578e-01 3.146052e-01
3.039490e-01 3.140069e-01
3.046488e-01 3.147201e-01
3.061035e-01 3.162154e-01
3.073641e-01 3.174857e-01
3.081579e-01 3.182214e-01
3.086108e-01 3.185480e-01
3.088955e-01 3.186117e-01
3.088955e-01 3.186117e-01
3.086108e-01 3.185480e-01
3.081579e-01 3.182214e-01
3.073641e-01 3.174857e-01
3.061035e-01 3.162154e-01
3.046488e-01 3.147201e-01
3.039490e-01 3.140069e-01
3.045374e-01 3.148287e-01
3.057395e-01 3.165244e-01
3.067229e-01 3.179850e-01
3.072438e-01 3.189482e-01
3.073892e-01 3.195731e-01
3.072816e-01 3.199890e-01
3.072816e-01 3.199890e-01
3.073892e-01 3.195731e-01
3.072438e-01 3.189482e-01
3.067229e-01 3.179850e-01
3.057395e-01 3.165244e-01
3.045374e-01 3.148287e-01
3.039490e-01 3.140069e-01
3.044546e-01 3.149052e-01
3.054497e-01 3.167270e-01
3.061564e-01 3.183110e-01
3.063366e-01 3.194623e-01
3.059948e-01 3.204218e-01
3.050462e-01 3.213054e-01
3.050462e-01 3.213054e-01
3.059948e-01 3.204218e-01
3.063366e-01 3.194623e-01
3.061564e-01 3.183110e-01
3.054497e-01 3.167270e-01
3.044546e-01 3.149052e-01
3.039490e-01 3.140069e-01
3.044259e-01 3.149326e-01
3.053465e-01 3.167994e-01
3.059387e-01 3.184288e-01
3.059427e-01 3.196592e-01
3.052647e-01 3.208025e-01
3.034497e-01 3.219037e-01
3.034497e-01 3.219037e-01
3.052647e-01 3.208025e-01
3.059427e-01 3.196592e-01
3.059387e-01 3.184288e-01
3.053465e-01 3.167994e-01
3.044259e-01 3.149326e-01
3.048633e-01 3.144843e-01
3.048360e-01 3.145165e-01
3.047578e-01 3.146052e-01
3.046488e-01 3.147201e-01
3.045374e-01 3.148287e-01
3.044546e-01 3.149052e-01
3.044259e-01 3.149326e-01
3.053465e-01 3.167994e-01
3.054497e-01 3.167270e-01
3.057395e-01 3.165244e-01
3.061035e-01 3.162154e-01
3.064324e-01 3.158489e-01
3.066539e-01 3.155278e-01
3.067288e-01 3.154010e-01
3.083660e-01 3.160090e-01
3.082491e-01 3.162666e-01
3.078997e-01 3.168644e-01
3.073641e-01 3.174857e-01
3.067229e-01 3.179850e-01
3.061564e-01 3.183110e-01
3.059387e-01 3.184288e-01
3.059427e-01 3.196592e-01
3.063366e-01 3.194623e-01
3.072438e-01 3.189482e-01
3.081579e-01 3.182214e-01
3.089011e-01 3.173396e-01
3.094149e-01 3.164569e-01
3.095975e-01 3.160600e-01
3.107268e-01 3.154091e-01
3.104136e-01 3.160129e-01
3.096186e-01 3.173333e-01
3.086108e-01 3.185480e-01
3.073892e-01 3.195731e-01
3.059948e-01 3.204218e-01
3.052647e-01 3.208025e-01
3.034497e-01 3.219037e-01
3.050462e-01 3.213054e-01
3.072816e-01 3.199890e-01
3.088955e-01 3.186117e-01
3.102604e-01 3.168983e-01
3.114753e-01 3.142991e-01
3.117092e-01 3.116982e-01
