 ##########################################
   1 CHICANE$START     0.000000

 etall    1, NO =    1, NV =    6, INA =   12
 *********************************************

    I  COEFFICIENT          ORDER   EXPONENTS
     1   0.0000000000000        0     0 0  0 0  0 0
 0.000000000000000E+00
     2   3.1622776601684        1     1 0  0 0  0 0
 3.162277660168380
     3   0.0000000000000        1     0 1  0 0  0 0
 0.000000000000000E+00
     4   0.0000000000000        1     0 0  1 0  0 0
 0.000000000000000E+00
     5   0.0000000000000        1     0 0  0 1  0 0
 0.000000000000000E+00
     6   0.0000000000000        1     0 0  0 0  1 0
 0.000000000000000E+00
     7   0.0000000000000        1     0 0  0 0  0 1
 0.000000000000000E+00
                                      

 etall    1, NO =    1, NV =    6, INA =   16
 *********************************************

    I  COEFFICIENT          ORDER   EXPONENTS
     1   0.0000000000000        0     0 0  0 0  0 0
 0.000000000000000E+00
     2   0.0000000000000        1     1 0  0 0  0 0
 0.000000000000000E+00
     3  0.31622776601684        1     0 1  0 0  0 0
 0.3162277660168379
     4   0.0000000000000        1     0 0  1 0  0 0
 0.000000000000000E+00
     5   0.0000000000000        1     0 0  0 1  0 0
 0.000000000000000E+00
     6   0.0000000000000        1     0 0  0 0  1 0
 0.000000000000000E+00
     7   0.0000000000000        1     0 0  0 0  0 1
 0.000000000000000E+00
                                      

 etall    1, NO =    1, NV =    6, INA =   17
 *********************************************

    I  COEFFICIENT          ORDER   EXPONENTS
     1   0.0000000000000        0     0 0  0 0  0 0
 0.000000000000000E+00
     2   0.0000000000000        1     1 0  0 0  0 0
 0.000000000000000E+00
     3   0.0000000000000        1     0 1  0 0  0 0
 0.000000000000000E+00
     4   3.1622776601684        1     0 0  1 0  0 0
 3.162277660168380
     5   0.0000000000000        1     0 0  0 1  0 0
 0.000000000000000E+00
     6   0.0000000000000        1     0 0  0 0  1 0
 0.000000000000000E+00
     7   0.0000000000000        1     0 0  0 0  0 1
 0.000000000000000E+00
                                      

 etall    1, NO =    1, NV =    6, INA =   18
 *********************************************

    I  COEFFICIENT          ORDER   EXPONENTS
     1   0.0000000000000        0     0 0  0 0  0 0
 0.000000000000000E+00
     2   0.0000000000000        1     1 0  0 0  0 0
 0.000000000000000E+00
     3   0.0000000000000        1     0 1  0 0  0 0
 0.000000000000000E+00
     4   0.0000000000000        1     0 0  1 0  0 0
 0.000000000000000E+00
     5  0.31622776601684        1     0 0  0 1  0 0
 0.3162277660168379
     6   0.0000000000000        1     0 0  0 0  1 0
 0.000000000000000E+00
     7   0.0000000000000        1     0 0  0 0  0 1
 0.000000000000000E+00
                                      

 etall    1, NO =    1, NV =    6, INA =   19
 *********************************************

    I  COEFFICIENT          ORDER   EXPONENTS
     1   0.0000000000000        0     0 0  0 0  0 0
 0.000000000000000E+00
     2   0.0000000000000        1     1 0  0 0  0 0
 0.000000000000000E+00
     3   0.0000000000000        1     0 1  0 0  0 0
 0.000000000000000E+00
     4   0.0000000000000        1     0 0  1 0  0 0
 0.000000000000000E+00
     5   0.0000000000000        1     0 0  0 1  0 0
 0.000000000000000E+00
     6  0.31622776601684        1     0 0  0 0  1 0
 0.3162277660168379
     7   0.0000000000000        1     0 0  0 0  0 1
 0.000000000000000E+00
                                      

 etall    1, NO =    1, NV =    6, INA =   20
 *********************************************

    I  COEFFICIENT          ORDER   EXPONENTS
     1   0.0000000000000        0     0 0  0 0  0 0
 0.000000000000000E+00
     2   0.0000000000000        1     1 0  0 0  0 0
 0.000000000000000E+00
     3   0.0000000000000        1     0 1  0 0  0 0
 0.000000000000000E+00
     4   0.0000000000000        1     0 0  1 0  0 0
 0.000000000000000E+00
     5   0.0000000000000        1     0 0  0 1  0 0
 0.000000000000000E+00
     6   0.0000000000000        1     0 0  0 0  1 0
 0.000000000000000E+00
     7   3.1622776601684        1     0 0  0 0  0 1
 3.162277660168379
                                      
 ##########################################
   2 SEDFT             0.000000

 etall    1, NO =    1, NV =    6, INA =   12
 *********************************************

    I  COEFFICIENT          ORDER   EXPONENTS
     1   0.0000000000000        0     0 0  0 0  0 0
 0.000000000000000E+00
     2   3.1622776601684        1     1 0  0 0  0 0
 3.162277660168380
     3  0.37947331922021        1     0 1  0 0  0 0
 0.3794733192202055
     4   0.0000000000000        1     0 0  1 0  0 0
 0.000000000000000E+00
     5   0.0000000000000        1     0 0  0 1  0 0
 0.000000000000000E+00
     6   0.0000000000000        1     0 0  0 0  1 0
 0.000000000000000E+00
     7   0.0000000000000        1     0 0  0 0  0 1
 0.000000000000000E+00
                                      

 etall    1, NO =    1, NV =    6, INA =   16
 *********************************************

    I  COEFFICIENT          ORDER   EXPONENTS
     1   0.0000000000000        0     0 0  0 0  0 0
 0.000000000000000E+00
     2   0.0000000000000        1     1 0  0 0  0 0
 0.000000000000000E+00
     3  0.31622776601684        1     0 1  0 0  0 0
 0.3162277660168379
     4   0.0000000000000        1     0 0  1 0  0 0
 0.000000000000000E+00
     5   0.0000000000000        1     0 0  0 1  0 0
 0.000000000000000E+00
     6   0.0000000000000        1     0 0  0 0  1 0
 0.000000000000000E+00
     7   0.0000000000000        1     0 0  0 0  0 1
 0.000000000000000E+00
                                      

 etall    1, NO =    1, NV =    6, INA =   17
 *********************************************

    I  COEFFICIENT          ORDER   EXPONENTS
     1   0.0000000000000        0     0 0  0 0  0 0
 0.000000000000000E+00
     2   0.0000000000000        1     1 0  0 0  0 0
 0.000000000000000E+00
     3   0.0000000000000        1     0 1  0 0  0 0
 0.000000000000000E+00
     4   3.1622776601684        1     0 0  1 0  0 0
 3.162277660168380
     5  0.37947331922021        1     0 0  0 1  0 0
 0.3794733192202055
     6   0.0000000000000        1     0 0  0 0  1 0
 0.000000000000000E+00
     7   0.0000000000000        1     0 0  0 0  0 1
 0.000000000000000E+00
                                      

 etall    1, NO =    1, NV =    6, INA =   18
 *********************************************

    I  COEFFICIENT          ORDER   EXPONENTS
     1   0.0000000000000        0     0 0  0 0  0 0
 0.000000000000000E+00
     2   0.0000000000000        1     1 0  0 0  0 0
 0.000000000000000E+00
     3   0.0000000000000        1     0 1  0 0  0 0
 0.000000000000000E+00
     4   0.0000000000000        1     0 0  1 0  0 0
 0.000000000000000E+00
     5  0.31622776601684        1     0 0  0 1  0 0
 0.3162277660168379
     6   0.0000000000000        1     0 0  0 0  1 0
 0.000000000000000E+00
     7   0.0000000000000        1     0 0  0 0  0 1
 0.000000000000000E+00
                                      

 etall    1, NO =    1, NV =    6, INA =   19
 *********************************************

    I  COEFFICIENT          ORDER   EXPONENTS
     1   0.0000000000000        0     0 0  0 0  0 0
 0.000000000000000E+00
     2   0.0000000000000        1     1 0  0 0  0 0
 0.000000000000000E+00
     3   0.0000000000000        1     0 1  0 0  0 0
 0.000000000000000E+00
     4   0.0000000000000        1     0 0  1 0  0 0
 0.000000000000000E+00
     5   0.0000000000000        1     0 0  0 1  0 0
 0.000000000000000E+00
     6  0.31622776601684        1     0 0  0 0  1 0
 0.3162277660168379
     7   0.0000000000000        1     0 0  0 0  0 1
 0.000000000000000E+00
                                      

 etall    1, NO =    1, NV =    6, INA =   20
 *********************************************

    I  COEFFICIENT          ORDER   EXPONENTS
     1   1.2000129483027        0     0 0  0 0  0 0
 1.200012948302686
     2   0.0000000000000        1     1 0  0 0  0 0
 0.000000000000000E+00
     3   0.0000000000000        1     0 1  0 0  0 0
 0.000000000000000E+00
     4   0.0000000000000        1     0 0  1 0  0 0
 0.000000000000000E+00
     5   0.0000000000000        1     0 0  0 1  0 0
 0.000000000000000E+00
     6  -.81892698464703E-05    1     0 0  0 0  1 0
 -8.189269846470282E-06
     7   3.1622776601684        1     0 0  0 0  0 1
 3.162277660168379
                                      
 ##########################################
   3 BEND1             1.200000

 etall    1, NO =    1, NV =    6, INA =   12
 *********************************************

    I  COEFFICIENT          ORDER   EXPONENTS
     1  -.20191108207027E-14    0     0 0  0 0  0 0
 -2.019110820702748E-15
     2   2.7386127875258        1     1 0  0 0  0 0
 2.738612787525839
     3  0.93953866687382        1     0 1  0 0  0 0
 0.9395386668738229
     4   0.0000000000000        1     0 0  1 0  0 0
 0.000000000000000E+00
     5   0.0000000000000        1     0 0  0 1  0 0
 0.000000000000000E+00
     6  -.16369330314374        1     0 0  0 0  1 0
 -0.1636933031437353
     7   0.0000000000000        1     0 0  0 0  0 1
 0.000000000000000E+00
                                      

 etall    1, NO =    1, NV =    6, INA =   16
 *********************************************

    I  COEFFICIENT          ORDER   EXPONENTS
     1  -.49404924595819E-14    0     0 0  0 0  0 0
 -4.940492459581947E-15
     2   0.0000000000000        1     1 0  0 0  0 0
 0.000000000000000E+00
     3  0.36514837167011        1     0 1  0 0  0 0
 0.3651483716701097
     4   0.0000000000000        1     0 0  1 0  0 0
 0.000000000000000E+00
     5   0.0000000000000        1     0 0  0 1  0 0
 0.000000000000000E+00
     6  -.18257615585657        1     0 0  0 0  1 0
 -0.1825761558565723
     7   0.0000000000000        1     0 0  0 0  0 1
 0.000000000000000E+00
                                      

 etall    1, NO =    1, NV =    6, INA =   17
 *********************************************

    I  COEFFICIENT          ORDER   EXPONENTS
     1   0.0000000000000        0     0 0  0 0  0 0
 0.000000000000000E+00
     2   0.0000000000000        1     1 0  0 0  0 0
 0.000000000000000E+00
     3   0.0000000000000        1     0 1  0 0  0 0
 0.000000000000000E+00
     4   3.1622776601684        1     0 0  1 0  0 0
 3.162277660168379
     5   1.0192116778523        1     0 0  0 1  0 0
 1.019211677852258
     6   0.0000000000000        1     0 0  0 0  1 0
 0.000000000000000E+00
     7   0.0000000000000        1     0 0  0 0  0 1
 0.000000000000000E+00
                                      

 etall    1, NO =    1, NV =    6, INA =   18
 *********************************************

    I  COEFFICIENT          ORDER   EXPONENTS
     1   0.0000000000000        0     0 0  0 0  0 0
 0.000000000000000E+00
     2   0.0000000000000        1     1 0  0 0  0 0
 0.000000000000000E+00
     3   0.0000000000000        1     0 1  0 0  0 0
 0.000000000000000E+00
     4  -.47253676438199        1     0 0  1 0  0 0
 -0.4725367643819864
     5  0.16392773413191        1     0 0  0 1  0 0
 0.1639277341319094
     6   0.0000000000000        1     0 0  0 0  1 0
 0.000000000000000E+00
     7   0.0000000000000        1     0 0  0 0  0 1
 0.000000000000000E+00
                                      

 etall    1, NO =    1, NV =    6, INA =   19
 *********************************************

    I  COEFFICIENT          ORDER   EXPONENTS
     1   0.0000000000000        0     0 0  0 0  0 0
 0.000000000000000E+00
     2   0.0000000000000        1     1 0  0 0  0 0
 0.000000000000000E+00
     3   0.0000000000000        1     0 1  0 0  0 0
 0.000000000000000E+00
     4   0.0000000000000        1     0 0  1 0  0 0
 0.000000000000000E+00
     5   0.0000000000000        1     0 0  0 1  0 0
 0.000000000000000E+00
     6  0.31622776601684        1     0 0  0 0  1 0
 0.3162277660168379
     7   0.0000000000000        1     0 0  0 0  0 1
 0.000000000000000E+00
                                      

 etall    1, NO =    1, NV =    6, INA =   20
 *********************************************

    I  COEFFICIENT          ORDER   EXPONENTS
     1   3.2230650971651        0     0 0  0 0  0 0
 3.223065097165053
     2  -1.5811558909710        1     1 0  0 0  0 0
 -1.581155890970991
     3  -.35343201006025        1     0 1  0 0  0 0
 -0.3534320100602536
     4   0.0000000000000        1     0 0  1 0  0 0
 0.000000000000000E+00
     5   0.0000000000000        1     0 0  0 1  0 0
 0.000000000000000E+00
     6  0.28811853279413E-01    1     0 0  0 0  1 0
 2.881185327941295E-02
     7   3.1622776601684        1     0 0  0 0  0 1
 3.162277660168379
                                      
 ##########################################
   4 MIDDFT1           3.223030

 etall    1, NO =    1, NV =    6, INA =   12
 *********************************************

    I  COEFFICIENT          ORDER   EXPONENTS
     1  -.94298495100757E-14    0     0 0  0 0  0 0
 -9.429849510075668E-15
     2   2.7386127875258        1     1 0  0 0  0 0
 2.738612787525839
     3   1.4872612243790        1     0 1  0 0  0 0
 1.487261224378988
     4   0.0000000000000        1     0 0  1 0  0 0
 0.000000000000000E+00
     5   0.0000000000000        1     0 0  0 1  0 0
 0.000000000000000E+00
     6  -.43755753692859        1     0 0  0 0  1 0
 -0.4375575369285914
     7   0.0000000000000        1     0 0  0 0  0 1
 0.000000000000000E+00
                                      

 etall    1, NO =    1, NV =    6, INA =   16
 *********************************************

    I  COEFFICIENT          ORDER   EXPONENTS
     1  -.49404924595819E-14    0     0 0  0 0  0 0
 -4.940492459581947E-15
     2   0.0000000000000        1     1 0  0 0  0 0
 0.000000000000000E+00
     3  0.36514837167011        1     0 1  0 0  0 0
 0.3651483716701097
     4   0.0000000000000        1     0 0  1 0  0 0
 0.000000000000000E+00
     5   0.0000000000000        1     0 0  0 1  0 0
 0.000000000000000E+00
     6  -.18257615585657        1     0 0  0 0  1 0
 -0.1825761558565723
     7   0.0000000000000        1     0 0  0 0  0 1
 0.000000000000000E+00
                                      

 etall    1, NO =    1, NV =    6, INA =   17
 *********************************************

    I  COEFFICIENT          ORDER   EXPONENTS
     1   0.0000000000000        0     0 0  0 0  0 0
 0.000000000000000E+00
     2   0.0000000000000        1     1 0  0 0  0 0
 0.000000000000000E+00
     3   0.0000000000000        1     0 1  0 0  0 0
 0.000000000000000E+00
     4   2.4534725135954        1     0 0  1 0  0 0
 2.453472513595400
     5   1.2651032790501        1     0 0  0 1  0 0
 1.265103279050122
     6   0.0000000000000        1     0 0  0 0  1 0
 0.000000000000000E+00
     7   0.0000000000000        1     0 0  0 0  0 1
 0.000000000000000E+00
                                      

 etall    1, NO =    1, NV =    6, INA =   18
 *********************************************

    I  COEFFICIENT          ORDER   EXPONENTS
     1   0.0000000000000        0     0 0  0 0  0 0
 0.000000000000000E+00
     2   0.0000000000000        1     1 0  0 0  0 0
 0.000000000000000E+00
     3   0.0000000000000        1     0 1  0 0  0 0
 0.000000000000000E+00
     4  -.47253676438199        1     0 0  1 0  0 0
 -0.4725367643819864
     5  0.16392773413191        1     0 0  0 1  0 0
 0.1639277341319094
     6   0.0000000000000        1     0 0  0 0  1 0
 0.000000000000000E+00
     7   0.0000000000000        1     0 0  0 0  0 1
 0.000000000000000E+00
                                      

 etall    1, NO =    1, NV =    6, INA =   19
 *********************************************

    I  COEFFICIENT          ORDER   EXPONENTS
     1   0.0000000000000        0     0 0  0 0  0 0
 0.000000000000000E+00
     2   0.0000000000000        1     1 0  0 0  0 0
 0.000000000000000E+00
     3   0.0000000000000        1     0 1  0 0  0 0
 0.000000000000000E+00
     4   0.0000000000000        1     0 0  1 0  0 0
 0.000000000000000E+00
     5   0.0000000000000        1     0 0  0 1  0 0
 0.000000000000000E+00
     6  0.31622776601684        1     0 0  0 0  1 0
 0.3162277660168379
     7   0.0000000000000        1     0 0  0 0  0 1
 0.000000000000000E+00
                                      

 etall    1, NO =    1, NV =    6, INA =   20
 *********************************************

    I  COEFFICIENT          ORDER   EXPONENTS
     1   4.7230812825434        0     0 0  0 0  0 0
 4.723081282543411
     2  -1.5811558909710        1     1 0  0 0  0 0
 -1.581155890970991
     3  -.35343201006026        1     0 1  0 0  0 0
 -0.3534320100602563
     4   0.0000000000000        1     0 0  1 0  0 0
 0.000000000000000E+00
     5   0.0000000000000        1     0 0  0 1  0 0
 0.000000000000000E+00
     6  0.28801616692106E-01    1     0 0  0 0  1 0
 2.880161669210619E-02
     7   3.1622776601684        1     0 0  0 0  0 1
 3.162277660168379
                                      
 ##########################################
   5 QF1               4.723030

 etall    1, NO =    1, NV =    6, INA =   12
 *********************************************

    I  COEFFICIENT          ORDER   EXPONENTS
     1  -.90007885391039E-14    0     0 0  0 0  0 0
 -9.000788539103874E-15
     2   2.3410666993001        1     1 0  0 0  0 0
 2.341066699300088
     3   1.3408259629521        1     0 1  0 0  0 0
 1.340825962952137
     4   0.0000000000000        1     0 0  1 0  0 0
 0.000000000000000E+00
     5   0.0000000000000        1     0 0  0 1  0 0
 0.000000000000000E+00
     6  -.40877086068433        1     0 0  0 0  1 0
 -0.4087708606843317
     7   0.0000000000000        1     0 0  0 0  0 1
 0.000000000000000E+00
                                      

 etall    1, NO =    1, NV =    6, INA =   16
 *********************************************

    I  COEFFICIENT          ORDER   EXPONENTS
     1  0.91241504905633E-14    0     0 0  0 0  0 0
 9.124150490563348E-15
     2  -3.8763648926720        1     1 0  0 0  0 0
 -3.876364892671975
     3  -1.7929991876035        1     0 1  0 0  0 0
 -1.792999187603541
     4   0.0000000000000        1     0 0  1 0  0 0
 0.000000000000000E+00
     5   0.0000000000000        1     0 0  0 1  0 0
 0.000000000000000E+00
     6  0.46326728696033        1     0 0  0 0  1 0
 0.4632672869603325
     7   0.0000000000000        1     0 0  0 0  0 1
 0.000000000000000E+00
                                      

 etall    1, NO =    1, NV =    6, INA =   17
 *********************************************

    I  COEFFICIENT          ORDER   EXPONENTS
     1   0.0000000000000        0     0 0  0 0  0 0
 0.000000000000000E+00
     2   0.0000000000000        1     1 0  0 0  0 0
 0.000000000000000E+00
     3   0.0000000000000        1     0 1  0 0  0 0
 0.000000000000000E+00
     4   2.7284740918280        1     0 0  1 0  0 0
 2.728474091827985
     5   1.4925259594243        1     0 0  0 1  0 0
 1.492525959424320
     6   0.0000000000000        1     0 0  0 0  1 0
 0.000000000000000E+00
     7   0.0000000000000        1     0 0  0 0  0 1
 0.000000000000000E+00
                                      

 etall    1, NO =    1, NV =    6, INA =   18
 *********************************************

    I  COEFFICIENT          ORDER   EXPONENTS
     1   0.0000000000000        0     0 0  0 0  0 0
 0.000000000000000E+00
     2   0.0000000000000        1     1 0  0 0  0 0
 0.000000000000000E+00
     3   0.0000000000000        1     0 1  0 0  0 0
 0.000000000000000E+00
     4   3.2904252187229        1     0 0  1 0  0 0
 3.290425218722941
     5   2.1664288747298        1     0 0  0 1  0 0
 2.166428874729844
     6   0.0000000000000        1     0 0  0 0  1 0
 0.000000000000000E+00
     7   0.0000000000000        1     0 0  0 0  0 1
 0.000000000000000E+00
                                      

 etall    1, NO =    1, NV =    6, INA =   19
 *********************************************

    I  COEFFICIENT          ORDER   EXPONENTS
     1   0.0000000000000        0     0 0  0 0  0 0
 0.000000000000000E+00
     2   0.0000000000000        1     1 0  0 0  0 0
 0.000000000000000E+00
     3   0.0000000000000        1     0 1  0 0  0 0
 0.000000000000000E+00
     4   0.0000000000000        1     0 0  1 0  0 0
 0.000000000000000E+00
     5   0.0000000000000        1     0 0  0 1  0 0
 0.000000000000000E+00
     6  0.31622776601684        1     0 0  0 0  1 0
 0.3162277660168379
     7   0.0000000000000        1     0 0  0 0  0 1
 0.000000000000000E+00
                                      

 etall    1, NO =    1, NV =    6, INA =   20
 *********************************************

    I  COEFFICIENT          ORDER   EXPONENTS
     1   4.9230834405939        0     0 0  0 0  0 0
 4.923083440593927
     2  -1.5811558909710        1     1 0  0 0  0 0
 -1.581155890970991
     3  -.35343201006026        1     0 1  0 0  0 0
 -0.3534320100602563
     4   0.0000000000000        1     0 0  1 0  0 0
 0.000000000000000E+00
     5   0.0000000000000        1     0 0  0 1  0 0
 0.000000000000000E+00
     6  0.28800251813799E-01    1     0 0  0 0  1 0
 2.880025181379894E-02
     7   3.1622776601684        1     0 0  0 0  0 1
 3.162277660168379
                                      
 ##########################################
   6 MIDDFT2           4.923030

 etall    1, NO =    1, NV =    6, INA =   12
 *********************************************

    I  COEFFICIENT          ORDER   EXPONENTS
     1  -.35262982447659E-14    0     0 0  0 0  0 0
 -3.526298244765865E-15
     2  0.15247763696903E-01    1     1 0  0 0  0 0
 1.524776369690306E-02
     3  0.26502645039001        1     0 1  0 0  0 0
 0.2650264503900122
     4   0.0000000000000        1     0 0  1 0  0 0
 0.000000000000000E+00
     5   0.0000000000000        1     0 0  0 1  0 0
 0.000000000000000E+00
     6  -.13081048850813        1     0 0  0 0  1 0
 -0.1308104885081339
     7   0.0000000000000        1     0 0  0 0  0 1
 0.000000000000000E+00
                                      

 etall    1, NO =    1, NV =    6, INA =   16
 *********************************************

    I  COEFFICIENT          ORDER   EXPONENTS
     1  0.91241504905633E-14    0     0 0  0 0  0 0
 9.124150490563348E-15
     2  -3.8763648926720        1     1 0  0 0  0 0
 -3.876364892671975
     3  -1.7929991876035        1     0 1  0 0  0 0
 -1.792999187603541
     4   0.0000000000000        1     0 0  1 0  0 0
 0.000000000000000E+00
     5   0.0000000000000        1     0 0  0 1  0 0
 0.000000000000000E+00
     6  0.46326728696033        1     0 0  0 0  1 0
 0.4632672869603325
     7   0.0000000000000        1     0 0  0 0  0 1
 0.000000000000000E+00
                                      

 etall    1, NO =    1, NV =    6, INA =   17
 *********************************************

    I  COEFFICIENT          ORDER   EXPONENTS
     1   0.0000000000000        0     0 0  0 0  0 0
 0.000000000000000E+00
     2   0.0000000000000        1     1 0  0 0  0 0
 0.000000000000000E+00
     3   0.0000000000000        1     0 1  0 0  0 0
 0.000000000000000E+00
     4   4.7027292230618        1     0 0  1 0  0 0
 4.702729223061750
     5   2.7923832842622        1     0 0  0 1  0 0
 2.792383284262226
     6   0.0000000000000        1     0 0  0 0  1 0
 0.000000000000000E+00
     7   0.0000000000000        1     0 0  0 0  0 1
 0.000000000000000E+00
                                      

 etall    1, NO =    1, NV =    6, INA =   18
 *********************************************

    I  COEFFICIENT          ORDER   EXPONENTS
     1   0.0000000000000        0     0 0  0 0  0 0
 0.000000000000000E+00
     2   0.0000000000000        1     1 0  0 0  0 0
 0.000000000000000E+00
     3   0.0000000000000        1     0 1  0 0  0 0
 0.000000000000000E+00
     4   3.2904252187229        1     0 0  1 0  0 0
 3.290425218722941
     5   2.1664288747298        1     0 0  0 1  0 0
 2.166428874729844
     6   0.0000000000000        1     0 0  0 0  1 0
 0.000000000000000E+00
     7   0.0000000000000        1     0 0  0 0  0 1
 0.000000000000000E+00
                                      

 etall    1, NO =    1, NV =    6, INA =   19
 *********************************************

    I  COEFFICIENT          ORDER   EXPONENTS
     1   0.0000000000000        0     0 0  0 0  0 0
 0.000000000000000E+00
     2   0.0000000000000        1     1 0  0 0  0 0
 0.000000000000000E+00
     3   0.0000000000000        1     0 1  0 0  0 0
 0.000000000000000E+00
     4   0.0000000000000        1     0 0  1 0  0 0
 0.000000000000000E+00
     5   0.0000000000000        1     0 0  0 1  0 0
 0.000000000000000E+00
     6  0.31622776601684        1     0 0  0 0  1 0
 0.3162277660168379
     7   0.0000000000000        1     0 0  0 0  0 1
 0.000000000000000E+00
                                      

 etall    1, NO =    1, NV =    6, INA =   20
 *********************************************

    I  COEFFICIENT          ORDER   EXPONENTS
     1   5.5230899147453        0     0 0  0 0  0 0
 5.523089914745270
     2  -1.5811558909710        1     1 0  0 0  0 0
 -1.581155890971012
     3  -.35343201006027        1     0 1  0 0  0 0
 -0.3534320100602661
     4   0.0000000000000        1     0 0  1 0  0 0
 0.000000000000000E+00
     5   0.0000000000000        1     0 0  0 1  0 0
 0.000000000000000E+00
     6  0.28796157178878E-01    1     0 0  0 0  1 0
 2.879615717887826E-02
     7   3.1622776601684        1     0 0  0 0  0 1
 3.162277660168379
                                      
 ##########################################
   7 QD                5.523030

 etall    1, NO =    1, NV =    6, INA =   12
 *********************************************

    I  COEFFICIENT          ORDER   EXPONENTS
     1  -.21028201744149E-14    0     0 0  0 0  0 0
 -2.102820174414907E-15
     2  -.79309609883769        1     1 0  0 0  0 0
 -0.7930960988376866
     3  -.73453317182643E-01    1     0 1  0 0  0 0
 -7.345331718264309E-02
     4   0.0000000000000        1     0 0  1 0  0 0
 0.000000000000000E+00
     5   0.0000000000000        1     0 0  0 1  0 0
 0.000000000000000E+00
     6  -.51913342486100E-01    1     0 0  0 0  1 0
 -5.191334248609971E-02
     7   0.0000000000000        1     0 0  0 0  0 1
 0.000000000000000E+00
                                      

 etall    1, NO =    1, NV =    6, INA =   16
 *********************************************

    I  COEFFICIENT          ORDER   EXPONENTS
     1  0.54277350484352E-14    0     0 0  0 0  0 0
 5.427735048435220E-15
     2  -4.3871465788150        1     1 0  0 0  0 0
 -4.387146578815020
     3  -1.6672008236054        1     0 1  0 0  0 0
 -1.667200823605427
     4   0.0000000000000        1     0 0  1 0  0 0
 0.000000000000000E+00
     5   0.0000000000000        1     0 0  0 1  0 0
 0.000000000000000E+00
     6  0.34327990345985        1     0 0  0 0  1 0
 0.3432799034598463
     7   0.0000000000000        1     0 0  0 0  0 1
 0.000000000000000E+00
                                      

 etall    1, NO =    1, NV =    6, INA =   17
 *********************************************

    I  COEFFICIENT          ORDER   EXPONENTS
     1   0.0000000000000        0     0 0  0 0  0 0
 0.000000000000000E+00
     2   0.0000000000000        1     1 0  0 0  0 0
 0.000000000000000E+00
     3   0.0000000000000        1     0 1  0 0  0 0
 0.000000000000000E+00
     4   4.7143810598951        1     0 0  1 0  0 0
 4.714381059895097
     5   2.8399525316414        1     0 0  0 1  0 0
 2.839952531641447
     6   0.0000000000000        1     0 0  0 0  1 0
 0.000000000000000E+00
     7   0.0000000000000        1     0 0  0 0  0 1
 0.000000000000000E+00
                                      

 etall    1, NO =    1, NV =    6, INA =   18
 *********************************************

    I  COEFFICIENT          ORDER   EXPONENTS
     1   0.0000000000000        0     0 0  0 0  0 0
 0.000000000000000E+00
     2   0.0000000000000        1     1 0  0 0  0 0
 0.000000000000000E+00
     3   0.0000000000000        1     0 1  0 0  0 0
 0.000000000000000E+00
     4  -3.1765258396357        1     0 0  1 0  0 0
 -3.176525839635660
     5  -1.7014285646812        1     0 0  0 1  0 0
 -1.701428564681241
     6   0.0000000000000        1     0 0  0 0  1 0
 0.000000000000000E+00
     7   0.0000000000000        1     0 0  0 0  0 1
 0.000000000000000E+00
                                      

 etall    1, NO =    1, NV =    6, INA =   19
 *********************************************

    I  COEFFICIENT          ORDER   EXPONENTS
     1   0.0000000000000        0     0 0  0 0  0 0
 0.000000000000000E+00
     2   0.0000000000000        1     1 0  0 0  0 0
 0.000000000000000E+00
     3   0.0000000000000        1     0 1  0 0  0 0
 0.000000000000000E+00
     4   0.0000000000000        1     0 0  1 0  0 0
 0.000000000000000E+00
     5   0.0000000000000        1     0 0  0 1  0 0
 0.000000000000000E+00
     6  0.31622776601684        1     0 0  0 0  1 0
 0.3162277660168379
     7   0.0000000000000        1     0 0  0 0  0 1
 0.000000000000000E+00
                                      

 etall    1, NO =    1, NV =    6, INA =   20
 *********************************************

    I  COEFFICIENT          ORDER   EXPONENTS
     1   5.7230920727958        0     0 0  0 0  0 0
 5.723092072795787
     2  -1.5811558909710        1     1 0  0 0  0 0
 -1.581155890971012
     3  -.35343201006027        1     0 1  0 0  0 0
 -0.3534320100602661
     4   0.0000000000000        1     0 0  1 0  0 0
 0.000000000000000E+00
     5   0.0000000000000        1     0 0  0 1  0 0
 0.000000000000000E+00
     6  0.28794792300571E-01    1     0 0  0 0  1 0
 2.879479230057111E-02
     7   3.1622776601684        1     0 0  0 0  0 1
 3.162277660168379
                                      
 ##########################################
   8 MIDDFT2           5.723030

 etall    1, NO =    1, NV =    6, INA =   12
 *********************************************

    I  COEFFICIENT          ORDER   EXPONENTS
     1  0.11538208546462E-14    0     0 0  0 0  0 0
 1.153820854646224E-15
     2  -3.4253840461267        1     1 0  0 0  0 0
 -3.425384046126699
     3  -1.0737738113459        1     0 1  0 0  0 0
 -1.073773811345899
     4   0.0000000000000        1     0 0  1 0  0 0
 0.000000000000000E+00
     5   0.0000000000000        1     0 0  0 1  0 0
 0.000000000000000E+00
     6  0.15405459958981        1     0 0  0 0  1 0
 0.1540545995898070
     7   0.0000000000000        1     0 0  0 0  0 1
 0.000000000000000E+00
                                      

 etall    1, NO =    1, NV =    6, INA =   16
 *********************************************

    I  COEFFICIENT          ORDER   EXPONENTS
     1  0.54277350484352E-14    0     0 0  0 0  0 0
 5.427735048435220E-15
     2  -4.3871465788150        1     1 0  0 0  0 0
 -4.387146578815020
     3  -1.6672008236054        1     0 1  0 0  0 0
 -1.667200823605427
     4   0.0000000000000        1     0 0  1 0  0 0
 0.000000000000000E+00
     5   0.0000000000000        1     0 0  0 1  0 0
 0.000000000000000E+00
     6  0.34327990345985        1     0 0  0 0  1 0
 0.3432799034598463
     7   0.0000000000000        1     0 0  0 0  0 1
 0.000000000000000E+00
                                      

 etall    1, NO =    1, NV =    6, INA =   17
 *********************************************

    I  COEFFICIENT          ORDER   EXPONENTS
     1   0.0000000000000        0     0 0  0 0  0 0
 0.000000000000000E+00
     2   0.0000000000000        1     1 0  0 0  0 0
 0.000000000000000E+00
     3   0.0000000000000        1     0 1  0 0  0 0
 0.000000000000000E+00
     4   2.8084655561137        1     0 0  1 0  0 0
 2.808465556113701
     5   1.8190953928327        1     0 0  0 1  0 0
 1.819095392832702
     6   0.0000000000000        1     0 0  0 0  1 0
 0.000000000000000E+00
     7   0.0000000000000        1     0 0  0 0  0 1
 0.000000000000000E+00
                                      

 etall    1, NO =    1, NV =    6, INA =   18
 *********************************************

    I  COEFFICIENT          ORDER   EXPONENTS
     1   0.0000000000000        0     0 0  0 0  0 0
 0.000000000000000E+00
     2   0.0000000000000        1     1 0  0 0  0 0
 0.000000000000000E+00
     3   0.0000000000000        1     0 1  0 0  0 0
 0.000000000000000E+00
     4  -3.1765258396357        1     0 0  1 0  0 0
 -3.176525839635660
     5  -1.7014285646812        1     0 0  0 1  0 0
 -1.701428564681241
     6   0.0000000000000        1     0 0  0 0  1 0
 0.000000000000000E+00
     7   0.0000000000000        1     0 0  0 0  0 1
 0.000000000000000E+00
                                      

 etall    1, NO =    1, NV =    6, INA =   19
 *********************************************

    I  COEFFICIENT          ORDER   EXPONENTS
     1   0.0000000000000        0     0 0  0 0  0 0
 0.000000000000000E+00
     2   0.0000000000000        1     1 0  0 0  0 0
 0.000000000000000E+00
     3   0.0000000000000        1     0 1  0 0  0 0
 0.000000000000000E+00
     4   0.0000000000000        1     0 0  1 0  0 0
 0.000000000000000E+00
     5   0.0000000000000        1     0 0  0 1  0 0
 0.000000000000000E+00
     6  0.31622776601684        1     0 0  0 0  1 0
 0.3162277660168379
     7   0.0000000000000        1     0 0  0 0  0 1
 0.000000000000000E+00
                                      

 etall    1, NO =    1, NV =    6, INA =   20
 *********************************************

    I  COEFFICIENT          ORDER   EXPONENTS
     1   6.3230985469471        0     0 0  0 0  0 0
 6.323098546947130
     2  -1.5811558909710        1     1 0  0 0  0 0
 -1.581155890971027
     3  -.35343201006027        1     0 1  0 0  0 0
 -0.3534320100602716
     4   0.0000000000000        1     0 0  1 0  0 0
 0.000000000000000E+00
     5   0.0000000000000        1     0 0  0 1  0 0
 0.000000000000000E+00
     6  0.28790697665649E-01    1     0 0  0 0  1 0
 2.879069766564901E-02
     7   3.1622776601684        1     0 0  0 0  0 1
 3.162277660168379
                                      
 ##########################################
   9 QF2               6.323030

 etall    1, NO =    1, NV =    6, INA =   12
 *********************************************

    I  COEFFICIENT          ORDER   EXPONENTS
     1  0.20188214878454E-14    0     0 0  0 0  0 0
 2.018821487845406E-15
     2  -3.7626906944910        1     1 0  0 0  0 0
 -3.762690694490972
     3  -1.2350452017655        1     0 1  0 0  0 0
 -1.235045201765468
     4   0.0000000000000        1     0 0  1 0  0 0
 0.000000000000000E+00
     5   0.0000000000000        1     0 0  0 1  0 0
 0.000000000000000E+00
     6  0.19699208227173        1     0 0  0 0  1 0
 0.1969920822717296
     7   0.0000000000000        1     0 0  0 0  0 1
 0.000000000000000E+00
                                      

 etall    1, NO =    1, NV =    6, INA =   16
 *********************************************

    I  COEFFICIENT          ORDER   EXPONENTS
     1  0.30066532803168E-14    0     0 0  0 0  0 0
 3.006653280316847E-15
     2   1.0981602486524        1     1 0  0 0  0 0
 1.098160248652417
     3  0.94686907533851E-01    1     0 1  0 0  0 0
 9.468690753385056E-02
     4   0.0000000000000        1     0 0  1 0  0 0
 0.000000000000000E+00
     5   0.0000000000000        1     0 0  0 1  0 0
 0.000000000000000E+00
     6  0.75391932026565E-01    1     0 0  0 0  1 0
 7.539193202656488E-02
     7   0.0000000000000        1     0 0  0 0  0 1
 0.000000000000000E+00
                                      

 etall    1, NO =    1, NV =    6, INA =   17
 *********************************************

    I  COEFFICIENT          ORDER   EXPONENTS
     1   0.0000000000000        0     0 0  0 0  0 0
 0.000000000000000E+00
     2   0.0000000000000        1     1 0  0 0  0 0
 0.000000000000000E+00
     3   0.0000000000000        1     0 1  0 0  0 0
 0.000000000000000E+00
     4   2.5695931836649        1     0 0  1 0  0 0
 2.569593183664897
     5   1.7391721283982        1     0 0  0 1  0 0
 1.739172128398245
     6   0.0000000000000        1     0 0  0 0  1 0
 0.000000000000000E+00
     7   0.0000000000000        1     0 0  0 0  0 1
 0.000000000000000E+00
                                      

 etall    1, NO =    1, NV =    6, INA =   18
 *********************************************

    I  COEFFICIENT          ORDER   EXPONENTS
     1   0.0000000000000        0     0 0  0 0  0 0
 0.000000000000000E+00
     2   0.0000000000000        1     1 0  0 0  0 0
 0.000000000000000E+00
     3   0.0000000000000        1     0 1  0 0  0 0
 0.000000000000000E+00
     4  0.72884643099170        1     0 0  1 0  0 0
 0.7288464309916999
     5  0.88247019531285        1     0 0  0 1  0 0
 0.8824701953128481
     6   0.0000000000000        1     0 0  0 0  1 0
 0.000000000000000E+00
     7   0.0000000000000        1     0 0  0 0  0 1
 0.000000000000000E+00
                                      

 etall    1, NO =    1, NV =    6, INA =   19
 *********************************************

    I  COEFFICIENT          ORDER   EXPONENTS
     1   0.0000000000000        0     0 0  0 0  0 0
 0.000000000000000E+00
     2   0.0000000000000        1     1 0  0 0  0 0
 0.000000000000000E+00
     3   0.0000000000000        1     0 1  0 0  0 0
 0.000000000000000E+00
     4   0.0000000000000        1     0 0  1 0  0 0
 0.000000000000000E+00
     5   0.0000000000000        1     0 0  0 1  0 0
 0.000000000000000E+00
     6  0.31622776601684        1     0 0  0 0  1 0
 0.3162277660168379
     7   0.0000000000000        1     0 0  0 0  0 1
 0.000000000000000E+00
                                      

 etall    1, NO =    1, NV =    6, INA =   20
 *********************************************

    I  COEFFICIENT          ORDER   EXPONENTS
     1   6.5231007049976        0     0 0  0 0  0 0
 6.523100704997646
     2  -1.5811558909710        1     1 0  0 0  0 0
 -1.581155890971027
     3  -.35343201006027        1     0 1  0 0  0 0
 -0.3534320100602716
     4   0.0000000000000        1     0 0  1 0  0 0
 0.000000000000000E+00
     5   0.0000000000000        1     0 0  0 1  0 0
 0.000000000000000E+00
     6  0.28789332787341E-01    1     0 0  0 0  1 0
 2.878933278734142E-02
     7   3.1622776601684        1     0 0  0 0  0 1
 3.162277660168379
                                      
 ##########################################
  10 MIDDFT1           6.523030

 etall    1, NO =    1, NV =    6, INA =   12
 *********************************************

    I  COEFFICIENT          ORDER   EXPONENTS
     1  0.65288014083207E-14    0     0 0  0 0  0 0
 6.528801408320676E-15
     2  -2.1154503215123        1     1 0  0 0  0 0
 -2.115450321512347
     3  -1.0930148404647        1     0 1  0 0  0 0
 -1.093014840464692
     4   0.0000000000000        1     0 0  1 0  0 0
 0.000000000000000E+00
     5   0.0000000000000        1     0 0  0 1  0 0
 0.000000000000000E+00
     6  0.31007998031158        1     0 0  0 0  1 0
 0.3100799803115755
     7   0.0000000000000        1     0 0  0 0  0 1
 0.000000000000000E+00
                                      

 etall    1, NO =    1, NV =    6, INA =   16
 *********************************************

    I  COEFFICIENT          ORDER   EXPONENTS
     1  0.30066532803168E-14    0     0 0  0 0  0 0
 3.006653280316847E-15
     2   1.0981602486524        1     1 0  0 0  0 0
 1.098160248652417
     3  0.94686907533851E-01    1     0 1  0 0  0 0
 9.468690753385056E-02
     4   0.0000000000000        1     0 0  1 0  0 0
 0.000000000000000E+00
     5   0.0000000000000        1     0 0  0 1  0 0
 0.000000000000000E+00
     6  0.75391932026565E-01    1     0 0  0 0  1 0
 7.539193202656488E-02
     7   0.0000000000000        1     0 0  0 0  0 1
 0.000000000000000E+00
                                      

 etall    1, NO =    1, NV =    6, INA =   17
 *********************************************

    I  COEFFICIENT          ORDER   EXPONENTS
     1   0.0000000000000        0     0 0  0 0  0 0
 0.000000000000000E+00
     2   0.0000000000000        1     1 0  0 0  0 0
 0.000000000000000E+00
     3   0.0000000000000        1     0 1  0 0  0 0
 0.000000000000000E+00
     4   3.6628628301524        1     0 0  1 0  0 0
 3.662862830152447
     5   3.0628774213675        1     0 0  0 1  0 0
 3.062877421367517
     6   0.0000000000000        1     0 0  0 0  1 0
 0.000000000000000E+00
     7   0.0000000000000        1     0 0  0 0  0 1
 0.000000000000000E+00
                                      

 etall    1, NO =    1, NV =    6, INA =   18
 *********************************************

    I  COEFFICIENT          ORDER   EXPONENTS
     1   0.0000000000000        0     0 0  0 0  0 0
 0.000000000000000E+00
     2   0.0000000000000        1     1 0  0 0  0 0
 0.000000000000000E+00
     3   0.0000000000000        1     0 1  0 0  0 0
 0.000000000000000E+00
     4  0.72884643099170        1     0 0  1 0  0 0
 0.7288464309916999
     5  0.88247019531285        1     0 0  0 1  0 0
 0.8824701953128481
     6   0.0000000000000        1     0 0  0 0  1 0
 0.000000000000000E+00
     7   0.0000000000000        1     0 0  0 0  0 1
 0.000000000000000E+00
                                      

 etall    1, NO =    1, NV =    6, INA =   19
 *********************************************

    I  COEFFICIENT          ORDER   EXPONENTS
     1   0.0000000000000        0     0 0  0 0  0 0
 0.000000000000000E+00
     2   0.0000000000000        1     1 0  0 0  0 0
 0.000000000000000E+00
     3   0.0000000000000        1     0 1  0 0  0 0
 0.000000000000000E+00
     4   0.0000000000000        1     0 0  1 0  0 0
 0.000000000000000E+00
     5   0.0000000000000        1     0 0  0 1  0 0
 0.000000000000000E+00
     6  0.31622776601684        1     0 0  0 0  1 0
 0.3162277660168379
     7   0.0000000000000        1     0 0  0 0  0 1
 0.000000000000000E+00
                                      

 etall    1, NO =    1, NV =    6, INA =   20
 *********************************************

    I  COEFFICIENT          ORDER   EXPONENTS
     1   8.0231168903760        0     0 0  0 0  0 0
 8.023116890376004
     2  -1.5811558909710        1     1 0  0 0  0 0
 -1.581155890971022
     3  -.35343201006027        1     0 1  0 0  0 0
 -0.3534320100602711
     4   0.0000000000000        1     0 0  1 0  0 0
 0.000000000000000E+00
     5   0.0000000000000        1     0 0  0 1  0 0
 0.000000000000000E+00
     6  0.28779096200034E-01    1     0 0  0 0  1 0
 2.877909620003367E-02
     7   3.1622776601684        1     0 0  0 0  0 1
 3.162277660168379
                                      
 ##########################################
  11 BEND2             8.023030

 etall    1, NO =    1, NV =    6, INA =   12
 *********************************************

    I  COEFFICIENT          ORDER   EXPONENTS
     1  0.12979998133089E-13    0     0 0  0 0  0 0
 1.297999813308912E-14
     2  0.28944897228114        1     1 0  0 0  0 0
 0.2894489722811391
     3  -.76365755975904        1     0 1  0 0  0 0
 -0.7636575597590407
     4   0.0000000000000        1     0 0  1 0  0 0
 0.000000000000000E+00
     5   0.0000000000000        1     0 0  0 1  0 0
 0.000000000000000E+00
     6  0.57787647177512        1     0 0  0 0  1 0
 0.5778764717751171
     7   0.0000000000000        1     0 0  0 0  0 1
 0.000000000000000E+00
                                      

 etall    1, NO =    1, NV =    6, INA =   16
 *********************************************

    I  COEFFICIENT          ORDER   EXPONENTS
     1  0.83821838359199E-14    0     0 0  0 0  0 0
 8.382183835919932E-15
     2   1.2680462303456        1     1 0  0 0  0 0
 1.268046230345632
     3  0.10933502310680        1     0 1  0 0  0 0
 0.1093350231068031
     4   0.0000000000000        1     0 0  1 0  0 0
 0.000000000000000E+00
     5   0.0000000000000        1     0 0  0 1  0 0
 0.000000000000000E+00
     6  0.26963126035710        1     0 0  0 0  1 0
 0.2696312603570979
     7   0.0000000000000        1     0 0  0 0  0 1
 0.000000000000000E+00
                                      

 etall    1, NO =    1, NV =    6, INA =   17
 *********************************************

    I  COEFFICIENT          ORDER   EXPONENTS
     1   0.0000000000000        0     0 0  0 0  0 0
 0.000000000000000E+00
     2   0.0000000000000        1     1 0  0 0  0 0
 0.000000000000000E+00
     3   0.0000000000000        1     0 1  0 0  0 0
 0.000000000000000E+00
     4   5.1373412585667        1     0 0  1 0  0 0
 5.137341258566692
     5   4.8481413828537        1     0 0  0 1  0 0
 4.848141382853707
     6   0.0000000000000        1     0 0  0 0  1 0
 0.000000000000000E+00
     7   0.0000000000000        1     0 0  0 0  0 1
 0.000000000000000E+00
                                      

 etall    1, NO =    1, NV =    6, INA =   18
 *********************************************

    I  COEFFICIENT          ORDER   EXPONENTS
     1   0.0000000000000        0     0 0  0 0  0 0
 0.000000000000000E+00
     2   0.0000000000000        1     1 0  0 0  0 0
 0.000000000000000E+00
     3   0.0000000000000        1     0 1  0 0  0 0
 0.000000000000000E+00
     4  -.38822596439597E-01    1     0 0  1 0  0 0
 -3.882259643959685E-02
     5  0.15801608706794        1     0 0  0 1  0 0
 0.1580160870679365
     6   0.0000000000000        1     0 0  0 0  1 0
 0.000000000000000E+00
     7   0.0000000000000        1     0 0  0 0  0 1
 0.000000000000000E+00
                                      

 etall    1, NO =    1, NV =    6, INA =   19
 *********************************************

    I  COEFFICIENT          ORDER   EXPONENTS
     1   0.0000000000000        0     0 0  0 0  0 0
 0.000000000000000E+00
     2   0.0000000000000        1     1 0  0 0  0 0
 0.000000000000000E+00
     3   0.0000000000000        1     0 1  0 0  0 0
 0.000000000000000E+00
     4   0.0000000000000        1     0 0  1 0  0 0
 0.000000000000000E+00
     5   0.0000000000000        1     0 0  0 1  0 0
 0.000000000000000E+00
     6  0.31622776601684        1     0 0  0 0  1 0
 0.3162277660168379
     7   0.0000000000000        1     0 0  0 0  0 1
 0.000000000000000E+00
                                      

 etall    1, NO =    1, NV =    6, INA =   20
 *********************************************

    I  COEFFICIENT          ORDER   EXPONENTS
     1   10.046169039238        0     0 0  0 0  0 0
 10.04616903923837
     2  -2.0704367572827        1     1 0  0 0  0 0
 -2.070436757282659
     3  -.85093124839372        1     0 1  0 0  0 0
 -0.8509312483937199
     4   0.0000000000000        1     0 0  1 0  0 0
 0.000000000000000E+00
     5   0.0000000000000        1     0 0  0 1  0 0
 0.000000000000000E+00
     6  0.25166695863431        1     0 0  0 0  1 0
 0.2516669586343135
     7   3.1622776601684        1     0 0  0 0  0 1
 3.162277660168379
                                      
 ##########################################
  12 SEDFT            10.046061

 etall    1, NO =    1, NV =    6, INA =   12
 *********************************************

    I  COEFFICIENT          ORDER   EXPONENTS
     1  0.23038618736193E-13    0     0 0  0 0  0 0
 2.303861873619304E-14
     2   1.8111044486959        1     1 0  0 0  0 0
 1.811104448695898
     3  -.63245553203088        1     0 1  0 0  0 0
 -0.6324555320308770
     4   0.0000000000000        1     0 0  1 0  0 0
 0.000000000000000E+00
     5   0.0000000000000        1     0 0  0 1  0 0
 0.000000000000000E+00
     6  0.90143398420363        1     0 0  0 0  1 0
 0.9014339842036314
     7   0.0000000000000        1     0 0  0 0  0 1
 0.000000000000000E+00
                                      

 etall    1, NO =    1, NV =    6, INA =   16
 *********************************************

    I  COEFFICIENT          ORDER   EXPONENTS
     1  0.83821838359199E-14    0     0 0  0 0  0 0
 8.382183835919932E-15
     2   1.2680462303456        1     1 0  0 0  0 0
 1.268046230345632
     3  0.10933502310680        1     0 1  0 0  0 0
 0.1093350231068031
     4   0.0000000000000        1     0 0  1 0  0 0
 0.000000000000000E+00
     5   0.0000000000000        1     0 0  0 1  0 0
 0.000000000000000E+00
     6  0.26963126035710        1     0 0  0 0  1 0
 0.2696312603570979
     7   0.0000000000000        1     0 0  0 0  0 1
 0.000000000000000E+00
                                      

 etall    1, NO =    1, NV =    6, INA =   17
 *********************************************

    I  COEFFICIENT          ORDER   EXPONENTS
     1   0.0000000000000        0     0 0  0 0  0 0
 0.000000000000000E+00
     2   0.0000000000000        1     1 0  0 0  0 0
 0.000000000000000E+00
     3   0.0000000000000        1     0 1  0 0  0 0
 0.000000000000000E+00
     4   5.0907541428392        1     0 0  1 0  0 0
 5.090754142839176
     5   5.0377606873352        1     0 0  0 1  0 0
 5.037760687335231
     6   0.0000000000000        1     0 0  0 0  1 0
 0.000000000000000E+00
     7   0.0000000000000        1     0 0  0 0  0 1
 0.000000000000000E+00
                                      

 etall    1, NO =    1, NV =    6, INA =   18
 *********************************************

    I  COEFFICIENT          ORDER   EXPONENTS
     1   0.0000000000000        0     0 0  0 0  0 0
 0.000000000000000E+00
     2   0.0000000000000        1     1 0  0 0  0 0
 0.000000000000000E+00
     3   0.0000000000000        1     0 1  0 0  0 0
 0.000000000000000E+00
     4  -.38822596439597E-01    1     0 0  1 0  0 0
 -3.882259643959685E-02
     5  0.15801608706794        1     0 0  0 1  0 0
 0.1580160870679365
     6   0.0000000000000        1     0 0  0 0  1 0
 0.000000000000000E+00
     7   0.0000000000000        1     0 0  0 0  0 1
 0.000000000000000E+00
                                      

 etall    1, NO =    1, NV =    6, INA =   19
 *********************************************

    I  COEFFICIENT          ORDER   EXPONENTS
     1   0.0000000000000        0     0 0  0 0  0 0
 0.000000000000000E+00
     2   0.0000000000000        1     1 0  0 0  0 0
 0.000000000000000E+00
     3   0.0000000000000        1     0 1  0 0  0 0
 0.000000000000000E+00
     4   0.0000000000000        1     0 0  1 0  0 0
 0.000000000000000E+00
     5   0.0000000000000        1     0 0  0 1  0 0
 0.000000000000000E+00
     6  0.31622776601684        1     0 0  0 0  1 0
 0.3162277660168379
     7   0.0000000000000        1     0 0  0 0  0 1
 0.000000000000000E+00
                                      

 etall    1, NO =    1, NV =    6, INA =   20
 *********************************************

    I  COEFFICIENT          ORDER   EXPONENTS
     1   11.246181987541        0     0 0  0 0  0 0
 11.24618198754106
     2  -2.0704367572826        1     1 0  0 0  0 0
 -2.070436757282646
     3  -.85093124839372        1     0 1  0 0  0 0
 -0.8509312483937188
     4   0.0000000000000        1     0 0  1 0  0 0
 0.000000000000000E+00
     5   0.0000000000000        1     0 0  0 1  0 0
 0.000000000000000E+00
     6  0.25165876936447        1     0 0  0 0  1 0
 0.2516587693644698
     7   3.1622776601684        1     0 0  0 0  0 1
 3.162277660168379
                                      
 ##########################################
  13 THEEND           11.246061

 etall    1, NO =    1, NV =    6, INA =   12
 *********************************************

    I  COEFFICIENT          ORDER   EXPONENTS
     1  0.23038618736193E-13    0     0 0  0 0  0 0
 2.303861873619304E-14
     2   1.8111044486959        1     1 0  0 0  0 0
 1.811104448695898
     3  -.63245553203088        1     0 1  0 0  0 0
 -0.6324555320308770
     4   0.0000000000000        1     0 0  1 0  0 0
 0.000000000000000E+00
     5   0.0000000000000        1     0 0  0 1  0 0
 0.000000000000000E+00
     6  0.90143398420363        1     0 0  0 0  1 0
 0.9014339842036314
     7   0.0000000000000        1     0 0  0 0  0 1
 0.000000000000000E+00
                                      

 etall    1, NO =    1, NV =    6, INA =   16
 *********************************************

    I  COEFFICIENT          ORDER   EXPONENTS
     1  0.83821838359199E-14    0     0 0  0 0  0 0
 8.382183835919932E-15
     2   1.2680462303456        1     1 0  0 0  0 0
 1.268046230345632
     3  0.10933502310680        1     0 1  0 0  0 0
 0.1093350231068031
     4   0.0000000000000        1     0 0  1 0  0 0
 0.000000000000000E+00
     5   0.0000000000000        1     0 0  0 1  0 0
 0.000000000000000E+00
     6  0.26963126035710        1     0 0  0 0  1 0
 0.2696312603570979
     7   0.0000000000000        1     0 0  0 0  0 1
 0.000000000000000E+00
                                      

 etall    1, NO =    1, NV =    6, INA =   17
 *********************************************

    I  COEFFICIENT          ORDER   EXPONENTS
     1   0.0000000000000        0     0 0  0 0  0 0
 0.000000000000000E+00
     2   0.0000000000000        1     1 0  0 0  0 0
 0.000000000000000E+00
     3   0.0000000000000        1     0 1  0 0  0 0
 0.000000000000000E+00
     4   5.0907541428392        1     0 0  1 0  0 0
 5.090754142839176
     5   5.0377606873352        1     0 0  0 1  0 0
 5.037760687335231
     6   0.0000000000000        1     0 0  0 0  1 0
 0.000000000000000E+00
     7   0.0000000000000        1     0 0  0 0  0 1
 0.000000000000000E+00
                                      

 etall    1, NO =    1, NV =    6, INA =   18
 *********************************************

    I  COEFFICIENT          ORDER   EXPONENTS
     1   0.0000000000000        0     0 0  0 0  0 0
 0.000000000000000E+00
     2   0.0000000000000        1     1 0  0 0  0 0
 0.000000000000000E+00
     3   0.0000000000000        1     0 1  0 0  0 0
 0.000000000000000E+00
     4  -.38822596439597E-01    1     0 0  1 0  0 0
 -3.882259643959685E-02
     5  0.15801608706794        1     0 0  0 1  0 0
 0.1580160870679365
     6   0.0000000000000        1     0 0  0 0  1 0
 0.000000000000000E+00
     7   0.0000000000000        1     0 0  0 0  0 1
 0.000000000000000E+00
                                      

 etall    1, NO =    1, NV =    6, INA =   19
 *********************************************

    I  COEFFICIENT          ORDER   EXPONENTS
     1   0.0000000000000        0     0 0  0 0  0 0
 0.000000000000000E+00
     2   0.0000000000000        1     1 0  0 0  0 0
 0.000000000000000E+00
     3   0.0000000000000        1     0 1  0 0  0 0
 0.000000000000000E+00
     4   0.0000000000000        1     0 0  1 0  0 0
 0.000000000000000E+00
     5   0.0000000000000        1     0 0  0 1  0 0
 0.000000000000000E+00
     6  0.31622776601684        1     0 0  0 0  1 0
 0.3162277660168379
     7   0.0000000000000        1     0 0  0 0  0 1
 0.000000000000000E+00
                                      

 etall    1, NO =    1, NV =    6, INA =   20
 *********************************************

    I  COEFFICIENT          ORDER   EXPONENTS
     1   11.246181987541        0     0 0  0 0  0 0
 11.24618198754106
     2  -2.0704367572826        1     1 0  0 0  0 0
 -2.070436757282646
     3  -.85093124839372        1     0 1  0 0  0 0
 -0.8509312483937188
     4   0.0000000000000        1     0 0  1 0  0 0
 0.000000000000000E+00
     5   0.0000000000000        1     0 0  0 1  0 0
 0.000000000000000E+00
     6  0.25165876936447        1     0 0  0 0  1 0
 0.2516587693644698
     7   3.1622776601684        1     0 0  0 0  0 1
 3.162277660168379
                                      
 ##########################################
  14 CHICANE$END      11.246061

 etall    1, NO =    1, NV =    6, INA =   12
 *********************************************

    I  COEFFICIENT          ORDER   EXPONENTS
     1  0.23038618736193E-13    0     0 0  0 0  0 0
 2.303861873619304E-14
     2   1.8111044486959        1     1 0  0 0  0 0
 1.811104448695898
     3  -.63245553203088        1     0 1  0 0  0 0
 -0.6324555320308770
     4   0.0000000000000        1     0 0  1 0  0 0
 0.000000000000000E+00
     5   0.0000000000000        1     0 0  0 1  0 0
 0.000000000000000E+00
     6  0.90143398420363        1     0 0  0 0  1 0
 0.9014339842036314
     7   0.0000000000000        1     0 0  0 0  0 1
 0.000000000000000E+00
                                      

 etall    1, NO =    1, NV =    6, INA =   16
 *********************************************

    I  COEFFICIENT          ORDER   EXPONENTS
     1  0.83821838359199E-14    0     0 0  0 0  0 0
 8.382183835919932E-15
     2   1.2680462303456        1     1 0  0 0  0 0
 1.268046230345632
     3  0.10933502310680        1     0 1  0 0  0 0
 0.1093350231068031
     4   0.0000000000000        1     0 0  1 0  0 0
 0.000000000000000E+00
     5   0.0000000000000        1     0 0  0 1  0 0
 0.000000000000000E+00
     6  0.26963126035710        1     0 0  0 0  1 0
 0.2696312603570979
     7   0.0000000000000        1     0 0  0 0  0 1
 0.000000000000000E+00
                                      

 etall    1, NO =    1, NV =    6, INA =   17
 *********************************************

    I  COEFFICIENT          ORDER   EXPONENTS
     1   0.0000000000000        0     0 0  0 0  0 0
 0.000000000000000E+00
     2   0.0000000000000        1     1 0  0 0  0 0
 0.000000000000000E+00
     3   0.0000000000000        1     0 1  0 0  0 0
 0.000000000000000E+00
     4   5.0907541428392        1     0 0  1 0  0 0
 5.090754142839176
     5   5.0377606873352        1     0 0  0 1  0 0
 5.037760687335231
     6   0.0000000000000        1     0 0  0 0  1 0
 0.000000000000000E+00
     7   0.0000000000000        1     0 0  0 0  0 1
 0.000000000000000E+00
                                      

 etall    1, NO =    1, NV =    6, INA =   18
 *********************************************

    I  COEFFICIENT          ORDER   EXPONENTS
     1   0.0000000000000        0     0 0  0 0  0 0
 0.000000000000000E+00
     2   0.0000000000000        1     1 0  0 0  0 0
 0.000000000000000E+00
     3   0.0000000000000        1     0 1  0 0  0 0
 0.000000000000000E+00
     4  -.38822596439597E-01    1     0 0  1 0  0 0
 -3.882259643959685E-02
     5  0.15801608706794        1     0 0  0 1  0 0
 0.1580160870679365
     6   0.0000000000000        1     0 0  0 0  1 0
 0.000000000000000E+00
     7   0.0000000000000        1     0 0  0 0  0 1
 0.000000000000000E+00
                                      

 etall    1, NO =    1, NV =    6, INA =   19
 *********************************************

    I  COEFFICIENT          ORDER   EXPONENTS
     1   0.0000000000000        0     0 0  0 0  0 0
 0.000000000000000E+00
     2   0.0000000000000        1     1 0  0 0  0 0
 0.000000000000000E+00
     3   0.0000000000000        1     0 1  0 0  0 0
 0.000000000000000E+00
     4   0.0000000000000        1     0 0  1 0  0 0
 0.000000000000000E+00
     5   0.0000000000000        1     0 0  0 1  0 0
 0.000000000000000E+00
     6  0.31622776601684        1     0 0  0 0  1 0
 0.3162277660168379
     7   0.0000000000000        1     0 0  0 0  0 1
 0.000000000000000E+00
                                      

 etall    1, NO =    1, NV =    6, INA =   20
 *********************************************

    I  COEFFICIENT          ORDER   EXPONENTS
     1   11.246181987541        0     0 0  0 0  0 0
 11.24618198754106
     2  -2.0704367572826        1     1 0  0 0  0 0
 -2.070436757282646
     3  -.85093124839372        1     0 1  0 0  0 0
 -0.8509312483937188
     4   0.0000000000000        1     0 0  1 0  0 0
 0.000000000000000E+00
     5   0.0000000000000        1     0 0  0 1  0 0
 0.000000000000000E+00
     6  0.25165876936447        1     0 0  0 0  1 0
 0.2516587693644698
     7   3.1622776601684        1     0 0  0 0  0 1
 3.162277660168379
                                      
