 ##########################################
   1 CHICANE$START     0.000000

 etall    1, NO =    1, NV =    6, INA =   12
 *********************************************

    I  COEFFICIENT          ORDER   EXPONENTS
     1   0.0000000000000        0     0 0  0 0  0 0
 0.000000000000000E+00
     2   3.1622776601684        1     1 0  0 0  0 0
 3.162277660168380
     3   0.0000000000000        1     0 1  0 0  0 0
 0.000000000000000E+00
     4   0.0000000000000        1     0 0  1 0  0 0
 0.000000000000000E+00
     5   0.0000000000000        1     0 0  0 1  0 0
 0.000000000000000E+00
     6   0.0000000000000        1     0 0  0 0  1 0
 0.000000000000000E+00
     7   0.0000000000000        1     0 0  0 0  0 1
 0.000000000000000E+00
                                      

 etall    1, NO =    1, NV =    6, INA =   16
 *********************************************

    I  COEFFICIENT          ORDER   EXPONENTS
     1   0.0000000000000        0     0 0  0 0  0 0
 0.000000000000000E+00
     2   0.0000000000000        1     1 0  0 0  0 0
 0.000000000000000E+00
     3  0.31622776601684        1     0 1  0 0  0 0
 0.3162277660168379
     4   0.0000000000000        1     0 0  1 0  0 0
 0.000000000000000E+00
     5   0.0000000000000        1     0 0  0 1  0 0
 0.000000000000000E+00
     6   0.0000000000000        1     0 0  0 0  1 0
 0.000000000000000E+00
     7   0.0000000000000        1     0 0  0 0  0 1
 0.000000000000000E+00
                                      

 etall    1, NO =    1, NV =    6, INA =   17
 *********************************************

    I  COEFFICIENT          ORDER   EXPONENTS
     1   0.0000000000000        0     0 0  0 0  0 0
 0.000000000000000E+00
     2   0.0000000000000        1     1 0  0 0  0 0
 0.000000000000000E+00
     3   0.0000000000000        1     0 1  0 0  0 0
 0.000000000000000E+00
     4   3.1622776601684        1     0 0  1 0  0 0
 3.162277660168380
     5   0.0000000000000        1     0 0  0 1  0 0
 0.000000000000000E+00
     6   0.0000000000000        1     0 0  0 0  1 0
 0.000000000000000E+00
     7   0.0000000000000        1     0 0  0 0  0 1
 0.000000000000000E+00
                                      

 etall    1, NO =    1, NV =    6, INA =   18
 *********************************************

    I  COEFFICIENT          ORDER   EXPONENTS
     1   0.0000000000000        0     0 0  0 0  0 0
 0.000000000000000E+00
     2   0.0000000000000        1     1 0  0 0  0 0
 0.000000000000000E+00
     3   0.0000000000000        1     0 1  0 0  0 0
 0.000000000000000E+00
     4   0.0000000000000        1     0 0  1 0  0 0
 0.000000000000000E+00
     5  0.31622776601684        1     0 0  0 1  0 0
 0.3162277660168379
     6   0.0000000000000        1     0 0  0 0  1 0
 0.000000000000000E+00
     7   0.0000000000000        1     0 0  0 0  0 1
 0.000000000000000E+00
                                      

 etall    1, NO =    1, NV =    6, INA =   19
 *********************************************

    I  COEFFICIENT          ORDER   EXPONENTS
     1   0.0000000000000        0     0 0  0 0  0 0
 0.000000000000000E+00
     2   0.0000000000000        1     1 0  0 0  0 0
 0.000000000000000E+00
     3   0.0000000000000        1     0 1  0 0  0 0
 0.000000000000000E+00
     4   0.0000000000000        1     0 0  1 0  0 0
 0.000000000000000E+00
     5   0.0000000000000        1     0 0  0 1  0 0
 0.000000000000000E+00
     6  0.31622776601684        1     0 0  0 0  1 0
 0.3162277660168379
     7   0.0000000000000        1     0 0  0 0  0 1
 0.000000000000000E+00
                                      

 etall    1, NO =    1, NV =    6, INA =   20
 *********************************************

    I  COEFFICIENT          ORDER   EXPONENTS
     1   0.0000000000000        0     0 0  0 0  0 0
 0.000000000000000E+00
     2   0.0000000000000        1     1 0  0 0  0 0
 0.000000000000000E+00
     3   0.0000000000000        1     0 1  0 0  0 0
 0.000000000000000E+00
     4   0.0000000000000        1     0 0  1 0  0 0
 0.000000000000000E+00
     5   0.0000000000000        1     0 0  0 1  0 0
 0.000000000000000E+00
     6   0.0000000000000        1     0 0  0 0  1 0
 0.000000000000000E+00
     7   3.1622776601684        1     0 0  0 0  0 1
 3.162277660168379
                                      
 ##########################################
   2 SEDFT             0.000000

 etall    1, NO =    1, NV =    6, INA =   12
 *********************************************

    I  COEFFICIENT          ORDER   EXPONENTS
     1   0.0000000000000        0     0 0  0 0  0 0
 0.000000000000000E+00
     2   3.1622776601684        1     1 0  0 0  0 0
 3.162277660168380
     3  0.37947331922021        1     0 1  0 0  0 0
 0.3794733192202055
     4   0.0000000000000        1     0 0  1 0  0 0
 0.000000000000000E+00
     5   0.0000000000000        1     0 0  0 1  0 0
 0.000000000000000E+00
     6   0.0000000000000        1     0 0  0 0  1 0
 0.000000000000000E+00
     7   0.0000000000000        1     0 0  0 0  0 1
 0.000000000000000E+00
                                      

 etall    1, NO =    1, NV =    6, INA =   16
 *********************************************

    I  COEFFICIENT          ORDER   EXPONENTS
     1   0.0000000000000        0     0 0  0 0  0 0
 0.000000000000000E+00
     2   0.0000000000000        1     1 0  0 0  0 0
 0.000000000000000E+00
     3  0.31622776601684        1     0 1  0 0  0 0
 0.3162277660168379
     4   0.0000000000000        1     0 0  1 0  0 0
 0.000000000000000E+00
     5   0.0000000000000        1     0 0  0 1  0 0
 0.000000000000000E+00
     6   0.0000000000000        1     0 0  0 0  1 0
 0.000000000000000E+00
     7   0.0000000000000        1     0 0  0 0  0 1
 0.000000000000000E+00
                                      

 etall    1, NO =    1, NV =    6, INA =   17
 *********************************************

    I  COEFFICIENT          ORDER   EXPONENTS
     1   0.0000000000000        0     0 0  0 0  0 0
 0.000000000000000E+00
     2   0.0000000000000        1     1 0  0 0  0 0
 0.000000000000000E+00
     3   0.0000000000000        1     0 1  0 0  0 0
 0.000000000000000E+00
     4   3.1622776601684        1     0 0  1 0  0 0
 3.162277660168380
     5  0.37947331922021        1     0 0  0 1  0 0
 0.3794733192202055
     6   0.0000000000000        1     0 0  0 0  1 0
 0.000000000000000E+00
     7   0.0000000000000        1     0 0  0 0  0 1
 0.000000000000000E+00
                                      

 etall    1, NO =    1, NV =    6, INA =   18
 *********************************************

    I  COEFFICIENT          ORDER   EXPONENTS
     1   0.0000000000000        0     0 0  0 0  0 0
 0.000000000000000E+00
     2   0.0000000000000        1     1 0  0 0  0 0
 0.000000000000000E+00
     3   0.0000000000000        1     0 1  0 0  0 0
 0.000000000000000E+00
     4   0.0000000000000        1     0 0  1 0  0 0
 0.000000000000000E+00
     5  0.31622776601684        1     0 0  0 1  0 0
 0.3162277660168379
     6   0.0000000000000        1     0 0  0 0  1 0
 0.000000000000000E+00
     7   0.0000000000000        1     0 0  0 0  0 1
 0.000000000000000E+00
                                      

 etall    1, NO =    1, NV =    6, INA =   19
 *********************************************

    I  COEFFICIENT          ORDER   EXPONENTS
     1   0.0000000000000        0     0 0  0 0  0 0
 0.000000000000000E+00
     2   0.0000000000000        1     1 0  0 0  0 0
 0.000000000000000E+00
     3   0.0000000000000        1     0 1  0 0  0 0
 0.000000000000000E+00
     4   0.0000000000000        1     0 0  1 0  0 0
 0.000000000000000E+00
     5   0.0000000000000        1     0 0  0 1  0 0
 0.000000000000000E+00
     6  0.31622776601684        1     0 0  0 0  1 0
 0.3162277660168379
     7   0.0000000000000        1     0 0  0 0  0 1
 0.000000000000000E+00
                                      

 etall    1, NO =    1, NV =    6, INA =   20
 *********************************************

    I  COEFFICIENT          ORDER   EXPONENTS
     1   0.0000000000000        0     0 0  0 0  0 0
 0.000000000000000E+00
     2   0.0000000000000        1     1 0  0 0  0 0
 0.000000000000000E+00
     3   0.0000000000000        1     0 1  0 0  0 0
 0.000000000000000E+00
     4   0.0000000000000        1     0 0  1 0  0 0
 0.000000000000000E+00
     5   0.0000000000000        1     0 0  0 1  0 0
 0.000000000000000E+00
     6  -.81892698464703E-05    1     0 0  0 0  1 0
 -8.189269846470282E-06
     7   3.1622776601684        1     0 0  0 0  0 1
 3.162277660168379
                                      
 ##########################################
   3 BEND1             1.200000

 etall    1, NO =    1, NV =    6, INA =   12
 *********************************************

    I  COEFFICIENT          ORDER   EXPONENTS
     1  0.20562509220276E-09    0     0 0  0 0  0 0
 2.056250922027554E-10
     2   2.7386127875258        1     1 0  0 0  0 0
 2.738612787525831
     3  0.93953866757005        1     0 1  0 0  0 0
 0.9395386675700487
     4   0.0000000000000        1     0 0  1 0  0 0
 0.000000000000000E+00
     5   0.0000000000000        1     0 0  0 1  0 0
 0.000000000000000E+00
     6  -.16369330381571        1     0 0  0 0  1 0
 -0.1636933038157084
     7   0.0000000000000        1     0 0  0 0  0 1
 0.000000000000000E+00
                                      

 etall    1, NO =    1, NV =    6, INA =   16
 *********************************************

    I  COEFFICIENT          ORDER   EXPONENTS
     1  -.55511151231258E-16    0     0 0  0 0  0 0
 -5.551115123125783E-17
     2   0.0000000000000        1     1 0  0 0  0 0
 0.000000000000000E+00
     3  0.36514837167011        1     0 1  0 0  0 0
 0.3651483716701107
     4   0.0000000000000        1     0 0  1 0  0 0
 0.000000000000000E+00
     5   0.0000000000000        1     0 0  0 1  0 0
 0.000000000000000E+00
     6  -.18257615585657        1     0 0  0 0  1 0
 -0.1825761558565728
     7   0.0000000000000        1     0 0  0 0  0 1
 0.000000000000000E+00
                                      

 etall    1, NO =    1, NV =    6, INA =   17
 *********************************************

    I  COEFFICIENT          ORDER   EXPONENTS
     1   0.0000000000000        0     0 0  0 0  0 0
 0.000000000000000E+00
     2   0.0000000000000        1     1 0  0 0  0 0
 0.000000000000000E+00
     3   0.0000000000000        1     0 1  0 0  0 0
 0.000000000000000E+00
     4   3.1622776602245        1     0 0  1 0  0 0
 3.162277660224478
     5   1.0192116779071        1     0 0  0 1  0 0
 1.019211677907114
     6   0.0000000000000        1     0 0  0 0  1 0
 0.000000000000000E+00
     7   0.0000000000000        1     0 0  0 0  0 1
 0.000000000000000E+00
                                      

 etall    1, NO =    1, NV =    6, INA =   18
 *********************************************

    I  COEFFICIENT          ORDER   EXPONENTS
     1   0.0000000000000        0     0 0  0 0  0 0
 0.000000000000000E+00
     2   0.0000000000000        1     1 0  0 0  0 0
 0.000000000000000E+00
     3   0.0000000000000        1     0 1  0 0  0 0
 0.000000000000000E+00
     4  -.47253676438199        1     0 0  1 0  0 0
 -0.4725367643819918
     5  0.16392773412080        1     0 0  0 1  0 0
 0.1639277341208025
     6   0.0000000000000        1     0 0  0 0  1 0
 0.000000000000000E+00
     7   0.0000000000000        1     0 0  0 0  0 1
 0.000000000000000E+00
                                      

 etall    1, NO =    1, NV =    6, INA =   19
 *********************************************

    I  COEFFICIENT          ORDER   EXPONENTS
     1   0.0000000000000        0     0 0  0 0  0 0
 0.000000000000000E+00
     2   0.0000000000000        1     1 0  0 0  0 0
 0.000000000000000E+00
     3   0.0000000000000        1     0 1  0 0  0 0
 0.000000000000000E+00
     4   0.0000000000000        1     0 0  1 0  0 0
 0.000000000000000E+00
     5   0.0000000000000        1     0 0  0 1  0 0
 0.000000000000000E+00
     6  0.31622776601684        1     0 0  0 0  1 0
 0.3162277660168379
     7   0.0000000000000        1     0 0  0 0  0 1
 0.000000000000000E+00
                                      

 etall    1, NO =    1, NV =    6, INA =   20
 *********************************************

    I  COEFFICIENT          ORDER   EXPONENTS
     1  0.11629577432528E-09    0     0 0  0 0  0 0
 1.162957743252832E-10
     2  -1.5811558909710        1     1 0  0 0  0 0
 -1.581155890970991
     3  -.35343200968630        1     0 1  0 0  0 0
 -0.3534320096862976
     4   0.0000000000000        1     0 0  1 0  0 0
 0.000000000000000E+00
     5   0.0000000000000        1     0 0  0 1  0 0
 0.000000000000000E+00
     6  0.28811852900204E-01    1     0 0  0 0  1 0
 2.881185290020401E-02
     7   3.1622776601684        1     0 0  0 0  0 1
 3.162277660168379
                                      
 ##########################################
   4 MIDDFT1           3.223030

 etall    1, NO =    1, NV =    6, INA =   12
 *********************************************

    I  COEFFICIENT          ORDER   EXPONENTS
     1  0.20562500893603E-09    0     0 0  0 0  0 0
 2.056250089360286E-10
     2   2.7386127875258        1     1 0  0 0  0 0
 2.738612787525831
     3   1.4872612250752        1     0 1  0 0  0 0
 1.487261225075215
     4   0.0000000000000        1     0 0  1 0  0 0
 0.000000000000000E+00
     5   0.0000000000000        1     0 0  0 1  0 0
 0.000000000000000E+00
     6  -.43755753760057        1     0 0  0 0  1 0
 -0.4375575376005675
     7   0.0000000000000        1     0 0  0 0  0 1
 0.000000000000000E+00
                                      

 etall    1, NO =    1, NV =    6, INA =   16
 *********************************************

    I  COEFFICIENT          ORDER   EXPONENTS
     1  -.55511151231258E-16    0     0 0  0 0  0 0
 -5.551115123125783E-17
     2   0.0000000000000        1     1 0  0 0  0 0
 0.000000000000000E+00
     3  0.36514837167011        1     0 1  0 0  0 0
 0.3651483716701107
     4   0.0000000000000        1     0 0  1 0  0 0
 0.000000000000000E+00
     5   0.0000000000000        1     0 0  0 1  0 0
 0.000000000000000E+00
     6  -.18257615585657        1     0 0  0 0  1 0
 -0.1825761558565728
     7   0.0000000000000        1     0 0  0 0  0 1
 0.000000000000000E+00
                                      

 etall    1, NO =    1, NV =    6, INA =   17
 *********************************************

    I  COEFFICIENT          ORDER   EXPONENTS
     1   0.0000000000000        0     0 0  0 0  0 0
 0.000000000000000E+00
     2   0.0000000000000        1     1 0  0 0  0 0
 0.000000000000000E+00
     3   0.0000000000000        1     0 1  0 0  0 0
 0.000000000000000E+00
     4   2.4534725136515        1     0 0  1 0  0 0
 2.453472513651491
     5   1.2651032790883        1     0 0  0 1  0 0
 1.265103279088318
     6   0.0000000000000        1     0 0  0 0  1 0
 0.000000000000000E+00
     7   0.0000000000000        1     0 0  0 0  0 1
 0.000000000000000E+00
                                      

 etall    1, NO =    1, NV =    6, INA =   18
 *********************************************

    I  COEFFICIENT          ORDER   EXPONENTS
     1   0.0000000000000        0     0 0  0 0  0 0
 0.000000000000000E+00
     2   0.0000000000000        1     1 0  0 0  0 0
 0.000000000000000E+00
     3   0.0000000000000        1     0 1  0 0  0 0
 0.000000000000000E+00
     4  -.47253676438199        1     0 0  1 0  0 0
 -0.4725367643819918
     5  0.16392773412080        1     0 0  0 1  0 0
 0.1639277341208025
     6   0.0000000000000        1     0 0  0 0  1 0
 0.000000000000000E+00
     7   0.0000000000000        1     0 0  0 0  0 1
 0.000000000000000E+00
                                      

 etall    1, NO =    1, NV =    6, INA =   19
 *********************************************

    I  COEFFICIENT          ORDER   EXPONENTS
     1   0.0000000000000        0     0 0  0 0  0 0
 0.000000000000000E+00
     2   0.0000000000000        1     1 0  0 0  0 0
 0.000000000000000E+00
     3   0.0000000000000        1     0 1  0 0  0 0
 0.000000000000000E+00
     4   0.0000000000000        1     0 0  1 0  0 0
 0.000000000000000E+00
     5   0.0000000000000        1     0 0  0 1  0 0
 0.000000000000000E+00
     6  0.31622776601684        1     0 0  0 0  1 0
 0.3162277660168379
     7   0.0000000000000        1     0 0  0 0  0 1
 0.000000000000000E+00
                                      

 etall    1, NO =    1, NV =    6, INA =   20
 *********************************************

    I  COEFFICIENT          ORDER   EXPONENTS
     1  0.11629586182949E-09    0     0 0  0 0  0 0
 1.162958618294851E-10
     2  -1.5811558909710        1     1 0  0 0  0 0
 -1.581155890970991
     3  -.35343200968630        1     0 1  0 0  0 0
 -0.3534320096862977
     4   0.0000000000000        1     0 0  1 0  0 0
 0.000000000000000E+00
     5   0.0000000000000        1     0 0  0 1  0 0
 0.000000000000000E+00
     6  0.28801616312896E-01    1     0 0  0 0  1 0
 2.880161631289592E-02
     7   3.1622776601684        1     0 0  0 0  0 1
 3.162277660168379
                                      
 ##########################################
   5 QF1               4.723030

 etall    1, NO =    1, NV =    6, INA =   12
 *********************************************

    I  COEFFICIENT          ORDER   EXPONENTS
     1  0.11559120206316E-01    0     0 0  0 0  0 0
 1.155912020631604E-02
     2   2.3797766771269        1     1 0  0 0  0 0
 2.379776677126905
     3   1.3627424791900        1     0 1  0 0  0 0
 1.362742479190003
     4   0.0000000000000        1     0 0  1 0  0 0
 0.000000000000000E+00
     5   0.0000000000000        1     0 0  0 1  0 0
 0.000000000000000E+00
     6  -.41900430183111        1     0 0  0 0  1 0
 -0.4190043018311098
     7   0.0000000000000        1     0 0  0 0  0 1
 0.000000000000000E+00
                                      

 etall    1, NO =    1, NV =    6, INA =   16
 *********************************************

    I  COEFFICIENT          ORDER   EXPONENTS
     1  0.11237071711544        0     0 0  0 0  0 0
 0.1123707171154373
     2  -3.5308010298226        1     1 0  0 0  0 0
 -3.530801029822594
     3  -1.6016513589455        1     0 1  0 0  0 0
 -1.601651358945476
     4   0.0000000000000        1     0 0  1 0  0 0
 0.000000000000000E+00
     5   0.0000000000000        1     0 0  0 1  0 0
 0.000000000000000E+00
     6  0.40793640029278        1     0 0  0 0  1 0
 0.4079364002927762
     7   0.0000000000000        1     0 0  0 0  0 1
 0.000000000000000E+00
                                      

 etall    1, NO =    1, NV =    6, INA =   17
 *********************************************

    I  COEFFICIENT          ORDER   EXPONENTS
     1   0.0000000000000        0     0 0  0 0  0 0
 0.000000000000000E+00
     2   0.0000000000000        1     1 0  0 0  0 0
 0.000000000000000E+00
     3   0.0000000000000        1     0 1  0 0  0 0
 0.000000000000000E+00
     4   2.6877810648545        1     0 0  1 0  0 0
 2.687781064854527
     5   1.4711994945867        1     0 0  0 1  0 0
 1.471199494586690
     6   0.0000000000000        1     0 0  0 0  1 0
 0.000000000000000E+00
     7   0.0000000000000        1     0 0  0 0  0 1
 0.000000000000000E+00
                                      

 etall    1, NO =    1, NV =    6, INA =   18
 *********************************************

    I  COEFFICIENT          ORDER   EXPONENTS
     1   0.0000000000000        0     0 0  0 0  0 0
 0.000000000000000E+00
     2   0.0000000000000        1     1 0  0 0  0 0
 0.000000000000000E+00
     3   0.0000000000000        1     0 1  0 0  0 0
 0.000000000000000E+00
     4   2.7816906891611        1     0 0  1 0  0 0
 2.781690689161093
     5   1.8946565263737        1     0 0  0 1  0 0
 1.894656526373707
     6   0.0000000000000        1     0 0  0 0  1 0
 0.000000000000000E+00
     7   0.0000000000000        1     0 0  0 0  0 1
 0.000000000000000E+00
                                      

 etall    1, NO =    1, NV =    6, INA =   19
 *********************************************

    I  COEFFICIENT          ORDER   EXPONENTS
     1   0.0000000000000        0     0 0  0 0  0 0
 0.000000000000000E+00
     2   0.0000000000000        1     1 0  0 0  0 0
 0.000000000000000E+00
     3   0.0000000000000        1     0 1  0 0  0 0
 0.000000000000000E+00
     4   0.0000000000000        1     0 0  1 0  0 0
 0.000000000000000E+00
     5   0.0000000000000        1     0 0  0 1  0 0
 0.000000000000000E+00
     6  0.31622776601684        1     0 0  0 0  1 0
 0.3162277660168379
     7   0.0000000000000        1     0 0  0 0  0 1
 0.000000000000000E+00
                                      

 etall    1, NO =    1, NV =    6, INA =   20
 *********************************************

    I  COEFFICIENT          ORDER   EXPONENTS
     1  0.44144608114682E-03    0     0 0  0 0  0 0
 4.414460811468156E-04
     2  -1.6084080649972        1     1 0  0 0  0 0
 -1.608408064997189
     3  -.36425184731831        1     0 1  0 0  0 0
 -0.3642518473183065
     4   0.0000000000000        1     0 0  1 0  0 0
 0.000000000000000E+00
     5   0.0000000000000        1     0 0  0 1  0 0
 0.000000000000000E+00
     6  0.30890555082229E-01    1     0 0  0 0  1 0
 3.089055508222897E-02
     7   3.1622776601684        1     0 0  0 0  0 1
 3.162277660168379
                                      
 ##########################################
   6 MIDDFT2           4.923030

 etall    1, NO =    1, NV =    6, INA =   12
 *********************************************

    I  COEFFICIENT          ORDER   EXPONENTS
     1  0.79411302215562E-01    0     0 0  0 0  0 0
 7.941130221556181E-02
     2  0.22052760450290        1     1 0  0 0  0 0
 0.2205276045028981
     3  0.38325816889916        1     0 1  0 0  0 0
 0.3832581688991555
     4   0.0000000000000        1     0 0  1 0  0 0
 0.000000000000000E+00
     5   0.0000000000000        1     0 0  0 1  0 0
 0.000000000000000E+00
     6  -.19126359848680        1     0 0  0 0  1 0
 -0.1912635984867972
     7   0.0000000000000        1     0 0  0 0  0 1
 0.000000000000000E+00
                                      

 etall    1, NO =    1, NV =    6, INA =   16
 *********************************************

    I  COEFFICIENT          ORDER   EXPONENTS
     1  0.11237071711544        0     0 0  0 0  0 0
 0.1123707171154373
     2  -3.5308010298226        1     1 0  0 0  0 0
 -3.530801029822594
     3  -1.6016513589455        1     0 1  0 0  0 0
 -1.601651358945476
     4   0.0000000000000        1     0 0  1 0  0 0
 0.000000000000000E+00
     5   0.0000000000000        1     0 0  0 1  0 0
 0.000000000000000E+00
     6  0.40793640029278        1     0 0  0 0  1 0
 0.4079364002927762
     7   0.0000000000000        1     0 0  0 0  0 1
 0.000000000000000E+00
                                      

 etall    1, NO =    1, NV =    6, INA =   17
 *********************************************

    I  COEFFICIENT          ORDER   EXPONENTS
     1   0.0000000000000        0     0 0  0 0  0 0
 0.000000000000000E+00
     2   0.0000000000000        1     1 0  0 0  0 0
 0.000000000000000E+00
     3   0.0000000000000        1     0 1  0 0  0 0
 0.000000000000000E+00
     4   4.3674338051720        1     0 0  1 0  0 0
 4.367433805171991
     5   2.6152393545482        1     0 0  0 1  0 0
 2.615239354548154
     6   0.0000000000000        1     0 0  0 0  1 0
 0.000000000000000E+00
     7   0.0000000000000        1     0 0  0 0  0 1
 0.000000000000000E+00
                                      

 etall    1, NO =    1, NV =    6, INA =   18
 *********************************************

    I  COEFFICIENT          ORDER   EXPONENTS
     1   0.0000000000000        0     0 0  0 0  0 0
 0.000000000000000E+00
     2   0.0000000000000        1     1 0  0 0  0 0
 0.000000000000000E+00
     3   0.0000000000000        1     0 1  0 0  0 0
 0.000000000000000E+00
     4   2.7816906891611        1     0 0  1 0  0 0
 2.781690689161093
     5   1.8946565263737        1     0 0  0 1  0 0
 1.894656526373707
     6   0.0000000000000        1     0 0  0 0  1 0
 0.000000000000000E+00
     7   0.0000000000000        1     0 0  0 0  0 1
 0.000000000000000E+00
                                      

 etall    1, NO =    1, NV =    6, INA =   19
 *********************************************

    I  COEFFICIENT          ORDER   EXPONENTS
     1   0.0000000000000        0     0 0  0 0  0 0
 0.000000000000000E+00
     2   0.0000000000000        1     1 0  0 0  0 0
 0.000000000000000E+00
     3   0.0000000000000        1     0 1  0 0  0 0
 0.000000000000000E+00
     4   0.0000000000000        1     0 0  1 0  0 0
 0.000000000000000E+00
     5   0.0000000000000        1     0 0  0 1  0 0
 0.000000000000000E+00
     6  0.31622776601684        1     0 0  0 0  1 0
 0.3162277660168379
     7   0.0000000000000        1     0 0  0 0  0 1
 0.000000000000000E+00
                                      

 etall    1, NO =    1, NV =    6, INA =   20
 *********************************************

    I  COEFFICIENT          ORDER   EXPONENTS
     1  0.42658977545451E-02    0     0 0  0 0  0 0
 4.265897754545112E-03
     2  -1.8510470498264        1     1 0  0 0  0 0
 -1.851047049826391
     3  -.47431838930194        1     0 1  0 0  0 0
 -0.4743183893019447
     4   0.0000000000000        1     0 0  1 0  0 0
 0.000000000000000E+00
     5   0.0000000000000        1     0 0  0 1  0 0
 0.000000000000000E+00
     6  0.56478096636718E-01    1     0 0  0 0  1 0
 5.647809663671784E-02
     7   3.1622776601684        1     0 0  0 0  0 1
 3.162277660168379
                                      
 ##########################################
   7 QD                5.523030

 etall    1, NO =    1, NV =    6, INA =   12
 *********************************************

    I  COEFFICIENT          ORDER   EXPONENTS
     1  0.11519122174085        0     0 0  0 0  0 0
 0.1151912217408453
     2  -.54470679319312        1     1 0  0 0  0 0
 -0.5447067931931210
     3  0.82978568591374E-01    1     0 1  0 0  0 0
 8.297856859137438E-02
     4   0.0000000000000        1     0 0  1 0  0 0
 0.000000000000000E+00
     5   0.0000000000000        1     0 0  0 1  0 0
 0.000000000000000E+00
     6  -.14276702220777        1     0 0  0 0  1 0
 -0.1427670222077748
     7   0.0000000000000        1     0 0  0 0  0 1
 0.000000000000000E+00
                                      

 etall    1, NO =    1, NV =    6, INA =   16
 *********************************************

    I  COEFFICIENT          ORDER   EXPONENTS
     1  0.23527725712454        0     0 0  0 0  0 0
 0.2352772571245446
     2  -3.6347125943093        1     1 0  0 0  0 0
 -3.634712594309323
     3  -1.2821517198071        1     0 1  0 0  0 0
 -1.282151719807106
     4   0.0000000000000        1     0 0  1 0  0 0
 0.000000000000000E+00
     5   0.0000000000000        1     0 0  0 1  0 0
 0.000000000000000E+00
     6  0.20097191755924        1     0 0  0 0  1 0
 0.2009719175592415
     7   0.0000000000000        1     0 0  0 0  0 1
 0.000000000000000E+00
                                      

 etall    1, NO =    1, NV =    6, INA =   17
 *********************************************

    I  COEFFICIENT          ORDER   EXPONENTS
     1   0.0000000000000        0     0 0  0 0  0 0
 0.000000000000000E+00
     2   0.0000000000000        1     1 0  0 0  0 0
 0.000000000000000E+00
     3   0.0000000000000        1     0 1  0 0  0 0
 0.000000000000000E+00
     4   4.2866405900045        1     0 0  1 0  0 0
 4.286640590004490
     5   2.6098731945164        1     0 0  0 1  0 0
 2.609873194516367
     6   0.0000000000000        1     0 0  0 0  1 0
 0.000000000000000E+00
     7   0.0000000000000        1     0 0  0 0  0 1
 0.000000000000000E+00
                                      

 etall    1, NO =    1, NV =    6, INA =   18
 *********************************************

    I  COEFFICIENT          ORDER   EXPONENTS
     1   0.0000000000000        0     0 0  0 0  0 0
 0.000000000000000E+00
     2   0.0000000000000        1     1 0  0 0  0 0
 0.000000000000000E+00
     3   0.0000000000000        1     0 1  0 0  0 0
 0.000000000000000E+00
     4  -3.6324634005074        1     0 0  1 0  0 0
 -3.632463400507402
     5  -1.9783018149038        1     0 0  0 1  0 0
 -1.978301814903771
     6   0.0000000000000        1     0 0  0 0  1 0
 0.000000000000000E+00
     7   0.0000000000000        1     0 0  0 0  0 1
 0.000000000000000E+00
                                      

 etall    1, NO =    1, NV =    6, INA =   19
 *********************************************

    I  COEFFICIENT          ORDER   EXPONENTS
     1   0.0000000000000        0     0 0  0 0  0 0
 0.000000000000000E+00
     2   0.0000000000000        1     1 0  0 0  0 0
 0.000000000000000E+00
     3   0.0000000000000        1     0 1  0 0  0 0
 0.000000000000000E+00
     4   0.0000000000000        1     0 0  1 0  0 0
 0.000000000000000E+00
     5   0.0000000000000        1     0 0  0 1  0 0
 0.000000000000000E+00
     6  0.31622776601684        1     0 0  0 0  1 0
 0.3162277660168379
     7   0.0000000000000        1     0 0  0 0  0 1
 0.000000000000000E+00
                                      

 etall    1, NO =    1, NV =    6, INA =   20
 *********************************************

    I  COEFFICIENT          ORDER   EXPONENTS
     1  0.76488925124382E-02    0     0 0  0 0  0 0
 7.648892512438249E-03
     2  -1.9871368992081        1     1 0  0 0  0 0
 -1.987136899208107
     3  -.52611642268140        1     0 1  0 0  0 0
 -0.5261164226813977
     4   0.0000000000000        1     0 0  1 0  0 0
 0.000000000000000E+00
     5   0.0000000000000        1     0 0  0 1  0 0
 0.000000000000000E+00
     6  0.64015826382347E-01    1     0 0  0 0  1 0
 6.401582638234675E-02
     7   3.1622776601684        1     0 0  0 0  0 1
 3.162277660168379
                                      
 ##########################################
   8 MIDDFT2           5.723030

 etall    1, NO =    1, NV =    6, INA =   12
 *********************************************

    I  COEFFICIENT          ORDER   EXPONENTS
     1  0.26043481108487        0     0 0  0 0  0 0
 0.2604348110848683
     2  -2.9200077751511        1     1 0  0 0  0 0
 -2.920007775151066
     3  -.75491333071452        1     0 1  0 0  0 0
 -0.7549133307145177
     4   0.0000000000000        1     0 0  1 0  0 0
 0.000000000000000E+00
     5   0.0000000000000        1     0 0  0 1  0 0
 0.000000000000000E+00
     6  -.60053016180147E-01    1     0 0  0 0  1 0
 -6.005301618014715E-02
     7   0.0000000000000        1     0 0  0 0  0 1
 0.000000000000000E+00
                                      

 etall    1, NO =    1, NV =    6, INA =   16
 *********************************************

    I  COEFFICIENT          ORDER   EXPONENTS
     1  0.23527725712454        0     0 0  0 0  0 0
 0.2352772571245446
     2  -3.6347125943093        1     1 0  0 0  0 0
 -3.634712594309323
     3  -1.2821517198071        1     0 1  0 0  0 0
 -1.282151719807106
     4   0.0000000000000        1     0 0  1 0  0 0
 0.000000000000000E+00
     5   0.0000000000000        1     0 0  0 1  0 0
 0.000000000000000E+00
     6  0.20097191755924        1     0 0  0 0  1 0
 0.2009719175592415
     7   0.0000000000000        1     0 0  0 0  0 1
 0.000000000000000E+00
                                      

 etall    1, NO =    1, NV =    6, INA =   17
 *********************************************

    I  COEFFICIENT          ORDER   EXPONENTS
     1   0.0000000000000        0     0 0  0 0  0 0
 0.000000000000000E+00
     2   0.0000000000000        1     1 0  0 0  0 0
 0.000000000000000E+00
     3   0.0000000000000        1     0 1  0 0  0 0
 0.000000000000000E+00
     4   2.0442138085192        1     0 0  1 0  0 0
 2.044213808519153
     5   1.3886091424184        1     0 0  0 1  0 0
 1.388609142418391
     6   0.0000000000000        1     0 0  0 0  1 0
 0.000000000000000E+00
     7   0.0000000000000        1     0 0  0 0  0 1
 0.000000000000000E+00
                                      

 etall    1, NO =    1, NV =    6, INA =   18
 *********************************************

    I  COEFFICIENT          ORDER   EXPONENTS
     1   0.0000000000000        0     0 0  0 0  0 0
 0.000000000000000E+00
     2   0.0000000000000        1     1 0  0 0  0 0
 0.000000000000000E+00
     3   0.0000000000000        1     0 1  0 0  0 0
 0.000000000000000E+00
     4  -3.6324634005074        1     0 0  1 0  0 0
 -3.632463400507402
     5  -1.9783018149038        1     0 0  0 1  0 0
 -1.978301814903771
     6   0.0000000000000        1     0 0  0 0  1 0
 0.000000000000000E+00
     7   0.0000000000000        1     0 0  0 0  0 1
 0.000000000000000E+00
                                      

 etall    1, NO =    1, NV =    6, INA =   19
 *********************************************

    I  COEFFICIENT          ORDER   EXPONENTS
     1   0.0000000000000        0     0 0  0 0  0 0
 0.000000000000000E+00
     2   0.0000000000000        1     1 0  0 0  0 0
 0.000000000000000E+00
     3   0.0000000000000        1     0 1  0 0  0 0
 0.000000000000000E+00
     4   0.0000000000000        1     0 0  1 0  0 0
 0.000000000000000E+00
     5   0.0000000000000        1     0 0  0 1  0 0
 0.000000000000000E+00
     6  0.31622776601684        1     0 0  0 0  1 0
 0.3162277660168379
     7   0.0000000000000        1     0 0  0 0  0 1
 0.000000000000000E+00
                                      

 etall    1, NO =    1, NV =    6, INA =   20
 *********************************************

    I  COEFFICIENT          ORDER   EXPONENTS
     1  0.24978570329673E-01    0     0 0  0 0  0 0
 2.497857032967321E-02
     2  -2.5459972292673        1     1 0  0 0  0 0
 -2.545997229267269
     3  -.72325545767392        1     0 1  0 0  0 0
 -0.7232554576739242
     4   0.0000000000000        1     0 0  1 0  0 0
 0.000000000000000E+00
     5   0.0000000000000        1     0 0  0 1  0 0
 0.000000000000000E+00
     6  0.83472547934282E-01    1     0 0  0 0  1 0
 8.347254793428197E-02
     7   3.1622776601684        1     0 0  0 0  0 1
 3.162277660168379
                                      
 ##########################################
   9 QF2               6.323030

 etall    1, NO =    1, NV =    6, INA =   12
 *********************************************

    I  COEFFICIENT          ORDER   EXPONENTS
     1  0.26369252029015        0     0 0  0 0  0 0
 0.2636925202901516
     2  -2.9340774852488        1     1 0  0 0  0 0
 -2.934077485248821
     3  -.81079845576468        1     0 1  0 0  0 0
 -0.8107984557646833
     4   0.0000000000000        1     0 0  1 0  0 0
 0.000000000000000E+00
     5   0.0000000000000        1     0 0  0 1  0 0
 0.000000000000000E+00
     6  -.16936100948806E-01    1     0 0  0 0  1 0
 -1.693610094880621E-02
     7   0.0000000000000        1     0 0  0 0  0 1
 0.000000000000000E+00
                                      

 etall    1, NO =    1, NV =    6, INA =   16
 *********************************************

    I  COEFFICIENT          ORDER   EXPONENTS
     1  -.18648014795974        0     0 0  0 0  0 0
 -0.1864801479597397
     2   2.6730004838700        1     1 0  0 0  0 0
 2.673000483869995
     3  0.39783021084089        1     0 1  0 0  0 0
 0.3978302108408886
     4   0.0000000000000        1     0 0  1 0  0 0
 0.000000000000000E+00
     5   0.0000000000000        1     0 0  0 1  0 0
 0.000000000000000E+00
     6  0.31575794283910        1     0 0  0 0  1 0
 0.3157579428391032
     7   0.0000000000000        1     0 0  0 0  0 1
 0.000000000000000E+00
                                      

 etall    1, NO =    1, NV =    6, INA =   17
 *********************************************

    I  COEFFICIENT          ORDER   EXPONENTS
     1   0.0000000000000        0     0 0  0 0  0 0
 0.000000000000000E+00
     2   0.0000000000000        1     1 0  0 0  0 0
 0.000000000000000E+00
     3   0.0000000000000        1     0 1  0 0  0 0
 0.000000000000000E+00
     4   1.2504548827673        1     0 0  1 0  0 0
 1.250454882767257
     5  0.98031311125441        1     0 0  0 1  0 0
 0.9803131112544109
     6   0.0000000000000        1     0 0  0 0  1 0
 0.000000000000000E+00
     7   0.0000000000000        1     0 0  0 0  0 1
 0.000000000000000E+00
                                      

 etall    1, NO =    1, NV =    6, INA =   18
 *********************************************

    I  COEFFICIENT          ORDER   EXPONENTS
     1   0.0000000000000        0     0 0  0 0  0 0
 0.000000000000000E+00
     2   0.0000000000000        1     1 0  0 0  0 0
 0.000000000000000E+00
     3   0.0000000000000        1     0 1  0 0  0 0
 0.000000000000000E+00
     4  -2.4847905899447        1     0 0  1 0  0 0
 -2.484790589944740
     5  -1.1482803688741        1     0 0  0 1  0 0
 -1.148280368874123
     6   0.0000000000000        1     0 0  0 0  1 0
 0.000000000000000E+00
     7   0.0000000000000        1     0 0  0 0  0 1
 0.000000000000000E+00
                                      

 etall    1, NO =    1, NV =    6, INA =   19
 *********************************************

    I  COEFFICIENT          ORDER   EXPONENTS
     1   0.0000000000000        0     0 0  0 0  0 0
 0.000000000000000E+00
     2   0.0000000000000        1     1 0  0 0  0 0
 0.000000000000000E+00
     3   0.0000000000000        1     0 1  0 0  0 0
 0.000000000000000E+00
     4   0.0000000000000        1     0 0  1 0  0 0
 0.000000000000000E+00
     5   0.0000000000000        1     0 0  0 1  0 0
 0.000000000000000E+00
     6  0.31622776601684        1     0 0  0 0  1 0
 0.3162277660168379
     7   0.0000000000000        1     0 0  0 0  0 1
 0.000000000000000E+00
                                      

 etall    1, NO =    1, NV =    6, INA =   20
 *********************************************

    I  COEFFICIENT          ORDER   EXPONENTS
     1  0.30496492864987E-01    0     0 0  0 0  0 0
 3.049649286498653E-02
     2  -2.7865613318558        1     1 0  0 0  0 0
 -2.786561331855813
     3  -.78828738847941        1     0 1  0 0  0 0
 -0.7882873884794148
     4   0.0000000000000        1     0 0  1 0  0 0
 0.000000000000000E+00
     5   0.0000000000000        1     0 0  0 1  0 0
 0.000000000000000E+00
     6  0.77026265450300E-01    1     0 0  0 0  1 0
 7.702626545030000E-02
     7   3.1622776601684        1     0 0  0 0  0 1
 3.162277660168379
                                      
 ##########################################
  10 MIDDFT1           6.523030

 etall    1, NO =    1, NV =    6, INA =   12
 *********************************************

    I  COEFFICIENT          ORDER   EXPONENTS
     1  -.21021955391893E-01    0     0 0  0 0  0 0
 -2.102195539189305E-02
     2   1.2940429493831        1     1 0  0 0  0 0
 1.294042949383125
     3  -.18151535083424        1     0 1  0 0  0 0
 -0.1815153508342369
     4   0.0000000000000        1     0 0  1 0  0 0
 0.000000000000000E+00
     5   0.0000000000000        1     0 0  0 1  0 0
 0.000000000000000E+00
     6  0.57580543449680        1     0 0  0 0  1 0
 0.5758054344967989
     7   0.0000000000000        1     0 0  0 0  0 1
 0.000000000000000E+00
                                      

 etall    1, NO =    1, NV =    6, INA =   16
 *********************************************

    I  COEFFICIENT          ORDER   EXPONENTS
     1  -.18648014795974        0     0 0  0 0  0 0
 -0.1864801479597397
     2   2.6730004838700        1     1 0  0 0  0 0
 2.673000483869995
     3  0.39783021084089        1     0 1  0 0  0 0
 0.3978302108408886
     4   0.0000000000000        1     0 0  1 0  0 0
 0.000000000000000E+00
     5   0.0000000000000        1     0 0  0 1  0 0
 0.000000000000000E+00
     6  0.31575794283910        1     0 0  0 0  1 0
 0.3157579428391032
     7   0.0000000000000        1     0 0  0 0  0 1
 0.000000000000000E+00
                                      

 etall    1, NO =    1, NV =    6, INA =   17
 *********************************************

    I  COEFFICIENT          ORDER   EXPONENTS
     1   0.0000000000000        0     0 0  0 0  0 0
 0.000000000000000E+00
     2   0.0000000000000        1     1 0  0 0  0 0
 0.000000000000000E+00
     3   0.0000000000000        1     0 1  0 0  0 0
 0.000000000000000E+00
     4  -2.5432778964910        1     0 0  1 0  0 0
 -2.543277896491006
     5  -.77286033233683        1     0 0  0 1  0 0
 -0.7728603323368285
     6   0.0000000000000        1     0 0  0 0  1 0
 0.000000000000000E+00
     7   0.0000000000000        1     0 0  0 0  0 1
 0.000000000000000E+00
                                      

 etall    1, NO =    1, NV =    6, INA =   18
 *********************************************

    I  COEFFICIENT          ORDER   EXPONENTS
     1   0.0000000000000        0     0 0  0 0  0 0
 0.000000000000000E+00
     2   0.0000000000000        1     1 0  0 0  0 0
 0.000000000000000E+00
     3   0.0000000000000        1     0 1  0 0  0 0
 0.000000000000000E+00
     4  -2.4847905899447        1     0 0  1 0  0 0
 -2.484790589944740
     5  -1.1482803688741        1     0 0  0 1  0 0
 -1.148280368874123
     6   0.0000000000000        1     0 0  0 0  1 0
 0.000000000000000E+00
     7   0.0000000000000        1     0 0  0 0  0 1
 0.000000000000000E+00
                                      

 etall    1, NO =    1, NV =    6, INA =   19
 *********************************************

    I  COEFFICIENT          ORDER   EXPONENTS
     1   0.0000000000000        0     0 0  0 0  0 0
 0.000000000000000E+00
     2   0.0000000000000        1     1 0  0 0  0 0
 0.000000000000000E+00
     3   0.0000000000000        1     0 1  0 0  0 0
 0.000000000000000E+00
     4   0.0000000000000        1     0 0  1 0  0 0
 0.000000000000000E+00
     5   0.0000000000000        1     0 0  0 1  0 0
 0.000000000000000E+00
     6  0.31622776601684        1     0 0  0 0  1 0
 0.3162277660168379
     7   0.0000000000000        1     0 0  0 0  0 1
 0.000000000000000E+00
                                      

 etall    1, NO =    1, NV =    6, INA =   20
 *********************************************

    I  COEFFICIENT          ORDER   EXPONENTS
     1  0.57278473072183E-01    0     0 0  0 0  0 0
 5.727847307218270E-02
     2  -3.5750303637855        1     1 0  0 0  0 0
 -3.575030363785514
     3  -.90563746121863        1     0 1  0 0  0 0
 -0.9056374612186311
     4   0.0000000000000        1     0 0  1 0  0 0
 0.000000000000000E+00
     5   0.0000000000000        1     0 0  0 1  0 0
 0.000000000000000E+00
     6  -.33519875832986E-01    1     0 0  0 0  1 0
 -3.351987583298638E-02
     7   3.1622776601684        1     0 0  0 0  0 1
 3.162277660168379
                                      
 ##########################################
  11 BEND2             8.023030

 etall    1, NO =    1, NV =    6, INA =   12
 *********************************************

    I  COEFFICIENT          ORDER   EXPONENTS
     1  -.36607197418537        0     0 0  0 0  0 0
 -0.3660719741853668
     2   5.8377702904083        1     1 0  0 0  0 0
 5.837770290408317
     3  0.58925966182719        1     0 1  0 0  0 0
 0.5892596618271906
     4   0.0000000000000        1     0 0  1 0  0 0
 0.000000000000000E+00
     5   0.0000000000000        1     0 0  0 1  0 0
 0.000000000000000E+00
     6   1.2547915118671        1     0 0  0 0  1 0
 1.254791511867061
     7   0.0000000000000        1     0 0  0 0  0 1
 0.000000000000000E+00
                                      

 etall    1, NO =    1, NV =    6, INA =   16
 *********************************************

    I  COEFFICIENT          ORDER   EXPONENTS
     1  -.23093497484005        0     0 0  0 0  0 0
 -0.2309349748400515
     2   3.5766379835586        1     1 0  0 0  0 0
 3.576637983558623
     3  0.53232113188419        1     0 1  0 0  0 0
 0.5323211318841878
     4   0.0000000000000        1     0 0  1 0  0 0
 0.000000000000000E+00
     5   0.0000000000000        1     0 0  0 1  0 0
 0.000000000000000E+00
     6  0.63994948626452        1     0 0  0 0  1 0
 0.6399494862645183
     7   0.0000000000000        1     0 0  0 0  0 1
 0.000000000000000E+00
                                      

 etall    1, NO =    1, NV =    6, INA =   17
 *********************************************

    I  COEFFICIENT          ORDER   EXPONENTS
     1   0.0000000000000        0     0 0  0 0  0 0
 0.000000000000000E+00
     2   0.0000000000000        1     1 0  0 0  0 0
 0.000000000000000E+00
     3   0.0000000000000        1     0 1  0 0  0 0
 0.000000000000000E+00
     4  -8.1336594165612        1     0 0  1 0  0 0
 -8.133659416561166
     5  -3.2903881573006        1     0 0  0 1  0 0
 -3.290388157300633
     6   0.0000000000000        1     0 0  0 0  1 0
 0.000000000000000E+00
     7   0.0000000000000        1     0 0  0 0  0 1
 0.000000000000000E+00
                                      

 etall    1, NO =    1, NV =    6, INA =   18
 *********************************************

    I  COEFFICIENT          ORDER   EXPONENTS
     1   0.0000000000000        0     0 0  0 0  0 0
 0.000000000000000E+00
     2   0.0000000000000        1     1 0  0 0  0 0
 0.000000000000000E+00
     3   0.0000000000000        1     0 1  0 0  0 0
 0.000000000000000E+00
     4  -.58626583826662        1     0 0  1 0  0 0
 -0.5862658382666179
     5  -.36011369806049        1     0 0  0 1  0 0
 -0.3601136980604922
     6   0.0000000000000        1     0 0  0 0  1 0
 0.000000000000000E+00
     7   0.0000000000000        1     0 0  0 0  0 1
 0.000000000000000E+00
                                      

 etall    1, NO =    1, NV =    6, INA =   19
 *********************************************

    I  COEFFICIENT          ORDER   EXPONENTS
     1   0.0000000000000        0     0 0  0 0  0 0
 0.000000000000000E+00
     2   0.0000000000000        1     1 0  0 0  0 0
 0.000000000000000E+00
     3   0.0000000000000        1     0 1  0 0  0 0
 0.000000000000000E+00
     4   0.0000000000000        1     0 0  1 0  0 0
 0.000000000000000E+00
     5   0.0000000000000        1     0 0  0 1  0 0
 0.000000000000000E+00
     6  0.31622776601684        1     0 0  0 0  1 0
 0.3162277660168379
     7   0.0000000000000        1     0 0  0 0  0 1
 0.000000000000000E+00
                                      

 etall    1, NO =    1, NV =    6, INA =   20
 *********************************************

    I  COEFFICIENT          ORDER   EXPONENTS
     1  -.18794693474382E-01    0     0 0  0 0  0 0
 -1.879469347438212E-02
     2  -2.3782126850732        1     1 0  0 0  0 0
 -2.378212685073229
     3  -.91976622950163        1     0 1  0 0  0 0
 -0.9197662295016337
     4   0.0000000000000        1     0 0  1 0  0 0
 0.000000000000000E+00
     5   0.0000000000000        1     0 0  0 1  0 0
 0.000000000000000E+00
     6  0.34113886056953        1     0 0  0 0  1 0
 0.3411388605695295
     7   3.1622776601684        1     0 0  0 0  0 1
 3.162277660168379
                                      
 ##########################################
  12 SEDFT            10.046061

 etall    1, NO =    1, NV =    6, INA =   12
 *********************************************

    I  COEFFICIENT          ORDER   EXPONENTS
     1  -.65089288498482        0     0 0  0 0  0 0
 -0.6508928849848217
     2   10.497481171546        1     1 0  0 0  0 0
 10.49748117154574
     3   1.2827775917666        1     0 1  0 0  0 0
 1.282777591766572
     4   0.0000000000000        1     0 0  1 0  0 0
 0.000000000000000E+00
     5   0.0000000000000        1     0 0  0 1  0 0
 0.000000000000000E+00
     6   2.1836730135345        1     0 0  0 0  1 0
 2.183673013534456
     7   0.0000000000000        1     0 0  0 0  0 1
 0.000000000000000E+00
                                      

 etall    1, NO =    1, NV =    6, INA =   16
 *********************************************

    I  COEFFICIENT          ORDER   EXPONENTS
     1  -.23093497484005        0     0 0  0 0  0 0
 -0.2309349748400515
     2   3.5766379835586        1     1 0  0 0  0 0
 3.576637983558623
     3  0.53232113188419        1     0 1  0 0  0 0
 0.5323211318841878
     4   0.0000000000000        1     0 0  1 0  0 0
 0.000000000000000E+00
     5   0.0000000000000        1     0 0  0 1  0 0
 0.000000000000000E+00
     6  0.63994948626452        1     0 0  0 0  1 0
 0.6399494862645183
     7   0.0000000000000        1     0 0  0 0  0 1
 0.000000000000000E+00
                                      

 etall    1, NO =    1, NV =    6, INA =   17
 *********************************************

    I  COEFFICIENT          ORDER   EXPONENTS
     1   0.0000000000000        0     0 0  0 0  0 0
 0.000000000000000E+00
     2   0.0000000000000        1     1 0  0 0  0 0
 0.000000000000000E+00
     3   0.0000000000000        1     0 1  0 0  0 0
 0.000000000000000E+00
     4  -8.8567234311885        1     0 0  1 0  0 0
 -8.856723431188474
     5  -3.7345301134681        1     0 0  0 1  0 0
 -3.734530113468117
     6   0.0000000000000        1     0 0  0 0  1 0
 0.000000000000000E+00
     7   0.0000000000000        1     0 0  0 0  0 1
 0.000000000000000E+00
                                      

 etall    1, NO =    1, NV =    6, INA =   18
 *********************************************

    I  COEFFICIENT          ORDER   EXPONENTS
     1   0.0000000000000        0     0 0  0 0  0 0
 0.000000000000000E+00
     2   0.0000000000000        1     1 0  0 0  0 0
 0.000000000000000E+00
     3   0.0000000000000        1     0 1  0 0  0 0
 0.000000000000000E+00
     4  -.58626583826662        1     0 0  1 0  0 0
 -0.5862658382666179
     5  -.36011369806049        1     0 0  0 1  0 0
 -0.3601136980604922
     6   0.0000000000000        1     0 0  0 0  1 0
 0.000000000000000E+00
     7   0.0000000000000        1     0 0  0 0  0 1
 0.000000000000000E+00
                                      

 etall    1, NO =    1, NV =    6, INA =   19
 *********************************************

    I  COEFFICIENT          ORDER   EXPONENTS
     1   0.0000000000000        0     0 0  0 0  0 0
 0.000000000000000E+00
     2   0.0000000000000        1     1 0  0 0  0 0
 0.000000000000000E+00
     3   0.0000000000000        1     0 1  0 0  0 0
 0.000000000000000E+00
     4   0.0000000000000        1     0 0  1 0  0 0
 0.000000000000000E+00
     5   0.0000000000000        1     0 0  0 1  0 0
 0.000000000000000E+00
     6  0.31622776601684        1     0 0  0 0  1 0
 0.3162277660168379
     7   0.0000000000000        1     0 0  0 0  0 1
 0.000000000000000E+00
                                      

 etall    1, NO =    1, NV =    6, INA =   20
 *********************************************

    I  COEFFICIENT          ORDER   EXPONENTS
     1  0.14543799624122E-01    0     0 0  0 0  0 0
 1.454379962412200E-02
     2  -3.4543145114555        1     1 0  0 0  0 0
 -3.454314511455467
     3  -1.0799255033436        1     0 1  0 0  0 0
 -1.079925503343625
     4   0.0000000000000        1     0 0  1 0  0 0
 0.000000000000000E+00
     5   0.0000000000000        1     0 0  0 1  0 0
 0.000000000000000E+00
     6  0.12661690294002        1     0 0  0 0  1 0
 0.1266169029400197
     7   3.1622776601684        1     0 0  0 0  0 1
 3.162277660168379
                                      
 ##########################################
  13 THEEND           11.246061

 etall    1, NO =    1, NV =    6, INA =   12
 *********************************************

    I  COEFFICIENT          ORDER   EXPONENTS
     1  -.65089288498482        0     0 0  0 0  0 0
 -0.6508928849848217
     2   10.497481171546        1     1 0  0 0  0 0
 10.49748117154574
     3   1.2827775917666        1     0 1  0 0  0 0
 1.282777591766572
     4   0.0000000000000        1     0 0  1 0  0 0
 0.000000000000000E+00
     5   0.0000000000000        1     0 0  0 1  0 0
 0.000000000000000E+00
     6   2.1836730135345        1     0 0  0 0  1 0
 2.183673013534456
     7   0.0000000000000        1     0 0  0 0  0 1
 0.000000000000000E+00
                                      

 etall    1, NO =    1, NV =    6, INA =   16
 *********************************************

    I  COEFFICIENT          ORDER   EXPONENTS
     1  -.23093497484005        0     0 0  0 0  0 0
 -0.2309349748400515
     2   3.5766379835586        1     1 0  0 0  0 0
 3.576637983558623
     3  0.53232113188419        1     0 1  0 0  0 0
 0.5323211318841878
     4   0.0000000000000        1     0 0  1 0  0 0
 0.000000000000000E+00
     5   0.0000000000000        1     0 0  0 1  0 0
 0.000000000000000E+00
     6  0.63994948626452        1     0 0  0 0  1 0
 0.6399494862645183
     7   0.0000000000000        1     0 0  0 0  0 1
 0.000000000000000E+00
                                      

 etall    1, NO =    1, NV =    6, INA =   17
 *********************************************

    I  COEFFICIENT          ORDER   EXPONENTS
     1   0.0000000000000        0     0 0  0 0  0 0
 0.000000000000000E+00
     2   0.0000000000000        1     1 0  0 0  0 0
 0.000000000000000E+00
     3   0.0000000000000        1     0 1  0 0  0 0
 0.000000000000000E+00
     4  -8.8567234311885        1     0 0  1 0  0 0
 -8.856723431188474
     5  -3.7345301134681        1     0 0  0 1  0 0
 -3.734530113468117
     6   0.0000000000000        1     0 0  0 0  1 0
 0.000000000000000E+00
     7   0.0000000000000        1     0 0  0 0  0 1
 0.000000000000000E+00
                                      

 etall    1, NO =    1, NV =    6, INA =   18
 *********************************************

    I  COEFFICIENT          ORDER   EXPONENTS
     1   0.0000000000000        0     0 0  0 0  0 0
 0.000000000000000E+00
     2   0.0000000000000        1     1 0  0 0  0 0
 0.000000000000000E+00
     3   0.0000000000000        1     0 1  0 0  0 0
 0.000000000000000E+00
     4  -.58626583826662        1     0 0  1 0  0 0
 -0.5862658382666179
     5  -.36011369806049        1     0 0  0 1  0 0
 -0.3601136980604922
     6   0.0000000000000        1     0 0  0 0  1 0
 0.000000000000000E+00
     7   0.0000000000000        1     0 0  0 0  0 1
 0.000000000000000E+00
                                      

 etall    1, NO =    1, NV =    6, INA =   19
 *********************************************

    I  COEFFICIENT          ORDER   EXPONENTS
     1   0.0000000000000        0     0 0  0 0  0 0
 0.000000000000000E+00
     2   0.0000000000000        1     1 0  0 0  0 0
 0.000000000000000E+00
     3   0.0000000000000        1     0 1  0 0  0 0
 0.000000000000000E+00
     4   0.0000000000000        1     0 0  1 0  0 0
 0.000000000000000E+00
     5   0.0000000000000        1     0 0  0 1  0 0
 0.000000000000000E+00
     6  0.31622776601684        1     0 0  0 0  1 0
 0.3162277660168379
     7   0.0000000000000        1     0 0  0 0  0 1
 0.000000000000000E+00
                                      

 etall    1, NO =    1, NV =    6, INA =   20
 *********************************************

    I  COEFFICIENT          ORDER   EXPONENTS
     1  0.14543799624122E-01    0     0 0  0 0  0 0
 1.454379962412200E-02
     2  -3.4543145114555        1     1 0  0 0  0 0
 -3.454314511455467
     3  -1.0799255033436        1     0 1  0 0  0 0
 -1.079925503343625
     4   0.0000000000000        1     0 0  1 0  0 0
 0.000000000000000E+00
     5   0.0000000000000        1     0 0  0 1  0 0
 0.000000000000000E+00
     6  0.12661690294002        1     0 0  0 0  1 0
 0.1266169029400197
     7   3.1622776601684        1     0 0  0 0  0 1
 3.162277660168379
                                      
 ##########################################
  14 CHICANE$END      11.246061

 etall    1, NO =    1, NV =    6, INA =   12
 *********************************************

    I  COEFFICIENT          ORDER   EXPONENTS
     1  -.65089288498482        0     0 0  0 0  0 0
 -0.6508928849848217
     2   10.497481171546        1     1 0  0 0  0 0
 10.49748117154574
     3   1.2827775917666        1     0 1  0 0  0 0
 1.282777591766572
     4   0.0000000000000        1     0 0  1 0  0 0
 0.000000000000000E+00
     5   0.0000000000000        1     0 0  0 1  0 0
 0.000000000000000E+00
     6   2.1836730135345        1     0 0  0 0  1 0
 2.183673013534456
     7   0.0000000000000        1     0 0  0 0  0 1
 0.000000000000000E+00
                                      

 etall    1, NO =    1, NV =    6, INA =   16
 *********************************************

    I  COEFFICIENT          ORDER   EXPONENTS
     1  -.23093497484005        0     0 0  0 0  0 0
 -0.2309349748400515
     2   3.5766379835586        1     1 0  0 0  0 0
 3.576637983558623
     3  0.53232113188419        1     0 1  0 0  0 0
 0.5323211318841878
     4   0.0000000000000        1     0 0  1 0  0 0
 0.000000000000000E+00
     5   0.0000000000000        1     0 0  0 1  0 0
 0.000000000000000E+00
     6  0.63994948626452        1     0 0  0 0  1 0
 0.6399494862645183
     7   0.0000000000000        1     0 0  0 0  0 1
 0.000000000000000E+00
                                      

 etall    1, NO =    1, NV =    6, INA =   17
 *********************************************

    I  COEFFICIENT          ORDER   EXPONENTS
     1   0.0000000000000        0     0 0  0 0  0 0
 0.000000000000000E+00
     2   0.0000000000000        1     1 0  0 0  0 0
 0.000000000000000E+00
     3   0.0000000000000        1     0 1  0 0  0 0
 0.000000000000000E+00
     4  -8.8567234311885        1     0 0  1 0  0 0
 -8.856723431188474
     5  -3.7345301134681        1     0 0  0 1  0 0
 -3.734530113468117
     6   0.0000000000000        1     0 0  0 0  1 0
 0.000000000000000E+00
     7   0.0000000000000        1     0 0  0 0  0 1
 0.000000000000000E+00
                                      

 etall    1, NO =    1, NV =    6, INA =   18
 *********************************************

    I  COEFFICIENT          ORDER   EXPONENTS
     1   0.0000000000000        0     0 0  0 0  0 0
 0.000000000000000E+00
     2   0.0000000000000        1     1 0  0 0  0 0
 0.000000000000000E+00
     3   0.0000000000000        1     0 1  0 0  0 0
 0.000000000000000E+00
     4  -.58626583826662        1     0 0  1 0  0 0
 -0.5862658382666179
     5  -.36011369806049        1     0 0  0 1  0 0
 -0.3601136980604922
     6   0.0000000000000        1     0 0  0 0  1 0
 0.000000000000000E+00
     7   0.0000000000000        1     0 0  0 0  0 1
 0.000000000000000E+00
                                      

 etall    1, NO =    1, NV =    6, INA =   19
 *********************************************

    I  COEFFICIENT          ORDER   EXPONENTS
     1   0.0000000000000        0     0 0  0 0  0 0
 0.000000000000000E+00
     2   0.0000000000000        1     1 0  0 0  0 0
 0.000000000000000E+00
     3   0.0000000000000        1     0 1  0 0  0 0
 0.000000000000000E+00
     4   0.0000000000000        1     0 0  1 0  0 0
 0.000000000000000E+00
     5   0.0000000000000        1     0 0  0 1  0 0
 0.000000000000000E+00
     6  0.31622776601684        1     0 0  0 0  1 0
 0.3162277660168379
     7   0.0000000000000        1     0 0  0 0  0 1
 0.000000000000000E+00
                                      

 etall    1, NO =    1, NV =    6, INA =   20
 *********************************************

    I  COEFFICIENT          ORDER   EXPONENTS
     1  0.14543799624122E-01    0     0 0  0 0  0 0
 1.454379962412200E-02
     2  -3.4543145114555        1     1 0  0 0  0 0
 -3.454314511455467
     3  -1.0799255033436        1     0 1  0 0  0 0
 -1.079925503343625
     4   0.0000000000000        1     0 0  1 0  0 0
 0.000000000000000E+00
     5   0.0000000000000        1     0 0  0 1  0 0
 0.000000000000000E+00
     6  0.12661690294002        1     0 0  0 0  1 0
 0.1266169029400197
     7   3.1622776601684        1     0 0  0 0  0 1
 3.162277660168379
                                      
