@ NAME             %15s "MY_SECTOR_TABLE"
@ TYPE             %09s "SECTORMAP"
@ TITLE            %08s "no-title"
@ ORIGIN           %19s "MAD-X 3.04.52 Linux"
@ DATE             %08s "24/11/08"
@ TIME             %08s "10.49.29"
* NAME                              POS                 K1                 R1                R36                 T1               T216 
$ %s                                %le                %le                %le                %le                %le                %le 
 "FIVECELL$START"                     0                  0                  1                  1                  0                  0
 "SEQSTART"                           0                  0                  1                  1                  0                  0
 "QF.1"                             3.1   -1.305314637e-05        1.042224745                  1                  0                  0
 "DRIFT_0"                        3.265    1.319435795e-20                  1                  1                  0                  0
 "MSCBH"                          4.365   -1.686041689e-15       0.9999972755                  1     0.006004411526                  0
 "CBH.1"                          4.365                  0                  1                  1                  0                  0
 "DRIFT_1"                  5.519992305   -8.159309562e-21                  1                  1                  0                  0
 "MB"                       19.72000769    2.568970413e-18       0.9999999091                  1    4.135903063e-25                  0
 "DRIFT_2"                  21.17999231   -5.156809375e-20                  1                  1                  0                  0
 "MB"                       35.38000769    2.591905243e-18       0.9999999091                  1    4.135903063e-25                  0
 "DRIFT_2"                  36.83999231   -3.629668528e-20                  1                  1                  0                  0
 "MB"                       51.04000769    2.867957509e-18       0.9999999091                  1    4.135903063e-25                  0
 "DRIFT_3"                        52.21   -6.679152574e-20                  1                  1                  0                  0
 "INS$START"                      52.21                  0                  1                  1                  0                  0
 "DRIFT_4"                        52.31     1.80560086e-20                  1                  1                  0                  0
 "BPV.1"                          52.61      5.3673682e-20                  1                  1                  0                  0
 "DRIFT_5"                        53.46    1.810532925e-20                  1                  1                  0                  0
 "QD.1"                           56.56    4.557103431e-20       0.9583553532                  1                  0                  0
 "DRIFT_4"                        56.66   -4.377718975e-20                  1                  1                  0                  0
 "BB"                             56.66                  0                  1                  1                  0                  0
 "DRIFT_6"                        56.68    4.164624325e-20                  1                  1                  0                  0
 "QTM"                            56.68                  0                  1                  1                  0                  0
 "DRIFT_7"                       56.725   -5.891940295e-20                  1                  1                  0                  0
 "MSCBV.1"                       57.825   -1.320296801e-13         1.00002675                  1     -0.01198543811                  0
 "INS$END"                       57.825                  0                  1                  1                  0                  0
 "CBV.1"                         57.825                  0                  1                  1                  0                  0
 "DRIFT_1"                  58.97999231   -4.695987056e-20                  1                  1                  0                  0
 "MB"                       73.18000769    9.252736702e-19        1.000000064                  1    4.135903063e-25                  0
 "DRIFT_2"                  74.63999231    4.392990797e-20                  1                  1                  0                  0
 "MB"                       88.84000769    5.693851759e-19        1.000000064                  1    4.135903063e-25                  0
 "DRIFT_2"                  90.29999231   -4.472400136e-20                  1                  1                  0                  0
 "MB"                       104.5000077    6.880973615e-19        1.000000064                  1    4.135903063e-25                  0
 "DRIFT_8"                       105.77   -9.601912551e-21                  1                  1                  0                  0
 "BPH"                           106.07   -2.374608064e-20                  1                  1                  0                  0
 "DRIFT_5"                       106.92     5.05076482e-21                  1                  1                  0                  0
 "BB"                            106.92                  0                  1                  1                  0                  0
 "STARTEND"                      106.92                  0                  1                  1                  0                  0
 "PARTSTART"                     106.92                  0                  1                  1                  0                  0
 "QF.2"                          110.02   -4.135903063e-21        1.042224749                  1                  0                  0
 "DRIFT_0"                      110.185   -2.597190088e-20                  1                  1                  0                  0
 "MSCBH"                        111.285   -2.863102844e-15       0.9999943897                  1     0.006004411526                  0
 "CBH.2"                        111.285                  0                  1                  1                  0                  0
 "DRIFT_1"                  112.4399923    4.769032273e-21                  1                  1                  0                  0
 "MB"                       126.6400077    6.509378494e-20       0.9999999991                  1    4.135903063e-25                  0
 "DRIFT_2"                  128.0999923   -2.090903208e-20                  1                  1                  0                  0
 "MB"                       142.3000077    2.524539451e-20       0.9999999991                  1    4.135903063e-25                  0
 "DRIFT_2"                  143.7599923   -2.486949531e-20                  1                  1                  0                  0
 "MB"                       157.9600077    2.539646882e-20       0.9999999991                  1    4.135903063e-25                  0
 "DRIFT_8"                       159.23   -7.094262825e-21                  1                  1                  0                  0
 "BPV"                           159.53     1.23692259e-21                  1                  1                  0                  0
 "DRIFT_5"                       160.38   -2.384092207e-20                  1                  1                  0                  0
 "QD.2"                          163.48   -2.534233243e-20       0.9583553532                  1                  0                  0
 "BB"                            163.48                  0                  1                  1                  0                  0
 "DRIFT_0"                      163.645   -2.483651148e-20                  1                  1                  0                  0
 "MSCBV"                        164.745   -1.012601291e-14        1.000010777                  1     -0.01198543811                  0
 "CBV.2"                        164.745                  0                  1                  1                  0                  0
 "DRIFT_1"                  165.8999923     2.47078849e-21                  1                  1                  0                  0
 "MB"                       180.1000077    5.834647896e-19        1.000000064                  1    4.135903063e-25                  0
 "DRIFT_2"                  181.5599923   -5.169878828e-21                  1                  1                  0                  0
 "MB"                       195.7600077    5.215779927e-19        1.000000064                  1    4.135903063e-25                  0
 "DRIFT_2"                  197.2199923    2.193682984e-21                  1                  1                  0                  0
 "MB"                       211.4200077    5.280595029e-19        1.000000064                  1    4.135903063e-25                  0
 "DRIFT_8"                       212.69    8.897154669e-21                  1                  1                  0                  0
 "BPH"                           212.99    1.148933191e-20                  1                  1                  0                  0
 "DRIFT_5"                       213.84   -1.273361835e-20                  1                  1                  0                  0
 "PARTEND"                       213.84                  0                  1                  1                  0                  0
 "QF.3"                          216.94   -1.379737262e-21        1.042224749                  1                  0                  0
 "DRIFT_0"                      217.105    9.255944259e-21                  1                  1                  0                  0
 "MSCBH"                        218.205    1.710302721e-15        1.000002769                  1     0.006004411526                  0
 "CBH.3"                        218.205                  0                  1                  1                  0                  0
 "DRIFT_1"                  219.3599923    1.778438317e-21                  1                  1                  0                  0
 "MB"                       233.5600077   -2.602164763e-18        1.000000091                  1    4.135903063e-25                  0
 "DRIFT_2"                  235.0199923   -2.333972816e-20                  1                  1                  0                  0
 "MB"                       249.2200077   -2.707659615e-18        1.000000091                  1    4.135903063e-25                  0
 "DRIFT_2"                  250.6799923   -2.264655081e-20                  1                  1                  0                  0
 "MB"                       264.8800077   -2.883235264e-18        1.000000091                  1    4.135903063e-25                  0
 "DRIFT_8"                       266.15    9.211152429e-20                  1                  1                  0                  0
 "BPV"                           266.45   -3.876540582e-20                  1                  1                  0                  0
 "DRIFT_5"                        267.3    9.644016044e-20                  1                  1                  0                  0
 "QD.3"                           270.4    3.132036671e-20       0.9583553532                  1                  0                  0
 "DRIFT_0"                      270.565   -1.047289238e-19                  1                  1                  0                  0
 "MSCBV"                        271.665    1.335607125e-13       0.9999731431                  1     -0.01198543811                  0
 "CBV.3"                        271.665                  0                  1                  1                  0                  0
 "DRIFT_1"                  272.8199923     3.00878676e-20                  1                  1                  0                  0
 "MB"                       287.0200077   -8.508960238e-19       0.9999999347                  1    4.135903063e-25                  0
 "DRIFT_2"                  288.4799923    4.747024099e-20                  1                  1                  0                  0
 "MB"                       302.6800077   -6.759885407e-19       0.9999999347                  1    4.135903063e-25                  0
 "DRIFT_2"                  304.1399923   -3.735713082e-20                  1                  1                  0                  0
 "MB"                       318.3400077   -7.591569382e-19       0.9999999347                  1    4.135903063e-25                  0
 "DRIFT_8"                       319.61   -8.536503922e-22                  1                  1                  0                  0
 "BPH"                           319.91   -4.706781763e-20                  1                  1                  0                  0
 "DRIFT_5"                       320.76   -7.150149215e-21                  1                  1                  0                  0
 "QF.4"                          323.86   -1.305314637e-05        1.042224745                  1                  0                  0
 "DRIFT_0"                      324.025    2.094690145e-20                  1                  1                  0                  0
 "MSCBH"                        325.125    2.453108086e-15        1.000005321                  1     0.006004411526                  0
 "CBH.4"                        325.125                  0                  1                  1                  0                  0
 "DRIFT_1"                  326.2799923    2.933182452e-21                  1                  1                  0                  0
 "MB"                       340.4800077   -6.446926134e-19       0.9999999349                  1    4.135903063e-25                  0
 "DRIFT_2"                  341.9399923   -6.395760496e-21                  1                  1                  0                  0
 "MB"                       356.1400077    -5.46327803e-19       0.9999999349                  1    4.135903063e-25                  0
 "DRIFT_2"                  357.5999923    3.805030818e-23                  1                  1                  0                  0
 "MB"                       371.8000077   -5.066598958e-19       0.9999999349                  1    4.135903063e-25                  0
 "DRIFT_8"                       373.07    9.264422861e-23                  1                  1                  0                  0
 "BPV"                           373.37   -4.377026211e-21                  1                  1                  0                  0
 "DRIFT_5"                       374.22   -8.112987448e-21                  1                  1                  0                  0
 "QD.4"                          377.32    1.294608156e-05       0.9583553569                  1                  0                  0
 "DRIFT_0"                      377.485   -1.326813212e-20                  1                  1                  0                  0
 "MSCBV"                        378.585   -5.616810489e-15        1.000004985                  1     -0.01198543811                  0
 "CBV.4"                        378.585                  0                  1                  1                  0                  0
 "DRIFT_1"                  379.7399923   -7.408229566e-21                  1                  1                  0                  0
 "MB"                       393.9400077    2.242143162e-19        1.000000028                  1    4.135903063e-25                  0
 "DRIFT_2"                  395.3999923    4.657026849e-21                  1                  1                  0                  0
 "MB"                       409.6000077    1.118693418e-18        1.000000028                  1    4.135903063e-25                  0
 "DRIFT_2"                  411.0599923   -1.238289377e-21                  1                  1                  0                  0
 "MB"                       425.2600077    2.011485514e-18        1.000000028                  1    4.135903063e-25                  0
 "DRIFT_8"                       426.53   -1.145645148e-22                  1                  1                  0                  0
 "BPH"                           426.83    3.989078504e-22                  1                  1                  0                  0
 "DRIFT_5"                       427.68    4.374131079e-21                  1                  1                  0                  0
 "QF.5"                          430.78   -1.305314637e-05        1.042224745                  1                  0                  0
 "DRIFT_0"                      430.945    6.425280504e-21                  1                  1                  0                  0
 "MSCBH"                        432.045    1.785270818e-15        1.000000786                  1     0.006004411526                  0
 "CBH.5"                        432.045                  0                  1                  1                  0                  0
 "DRIFT_1"                  433.1999923    2.398410186e-21                  1                  1                  0                  0
 "MB"                       447.4000077    1.896052969e-18       0.9999999727                  1    4.135903063e-25                  0
 "DRIFT_2"                  448.8599923   -2.431911001e-22                  1                  1                  0                  0
 "MB"                       463.0600077    1.011136387e-18       0.9999999727                  1    4.135903063e-25                  0
 "DRIFT_2"                  464.5199923    -1.98523347e-21                  1                  1                  0                  0
 "MB"                       478.7200077    1.206027625e-19       0.9999999727                  1    4.135903063e-25                  0
 "DRIFT_8"                       479.99     2.83640232e-21                  1                  1                  0                  0
 "BPV"                           480.29    8.495661879e-21                  1                  1                  0                  0
 "DRIFT_5"                       481.14    -6.18482944e-21                  1                  1                  0                  0
 "QD.5"                          484.24    9.815325149e-21       0.9583553532                  1                  0                  0
 "DRIFT_0"                      484.405   -8.896156236e-21                  1                  1                  0                  0
 "MSCBV"                        485.505   -5.443015399e-15        1.000005006                  1     -0.01198543811                  0
 "CBV.5"                        485.505                  0                  1                  1                  0                  0
 "DRIFT_1"                  486.6599923    3.127001209e-22                  1                  1                  0                  0
 "MB"                       500.8600077    6.924744632e-21        1.000000001                  1    4.135903063e-25                  0
 "DRIFT_2"                  502.3199923   -9.880930911e-21                  1                  1                  0                  0
 "MB"                       516.5200077     8.93279704e-21        1.000000001                  1    4.135903063e-25                  0
 "DRIFT_2"                  517.9799923   -9.877777285e-21                  1                  1                  0                  0
 "MB"                       532.1800077    4.086665348e-22        1.000000001                  1    4.135903063e-25                  0
 "DRIFT_8"                       533.45    9.718674264e-21                  1                  1                  0                  0
 "BPH"                           533.75    1.086058417e-20                  1                  1                  0                  0
 "DRIFT_5"                        534.6    8.530338841e-21                  1                  1                  0                  0
 "END_FIVECELL"                   534.6                  0                  1                  1                  0                  0
 "FIVECELL$END"                   534.6                  0                  1                  1                  0                  0
