@ NAME             %04s "SUMM"
@ TYPE             %04s "SUMM"
@ TITLE            %55s "Matching chromaticity for the LHC 6.4 lattice with MADX"
@ ORIGIN           %19s "MAD-X 4.00.19 Linux"
@ DATE             %08s "05/05/09"
@ TIME             %08s "11.23.19"
*             LENGTH             ORBIT5               ALFA            GAMMATR                 Q1                DQ1            BETXMAX              DXMAX              DXRMS             XCOMAX             XCORMS                 Q2                DQ2            BETYMAX              DYMAX              DYRMS             YCOMAX             YCORMS             DELTAP            SYNCH_1            SYNCH_2            SYNCH_3            SYNCH_4            SYNCH_5 
$                %le                %le                %le                %le                %le                %le                %le                %le                %le                %le                %le                %le                %le                %le                %le                %le                %le                %le                %le                %le                %le                %le                %le                %le 
         26658.8832                  0    0.0003213109403        55.78754414         64.3073031        4.120127043        4786.589001        2.910212267        1.405014736     0.008159630133     0.001531472933        59.31718661        4.423810862        4148.065384        1.001799995       0.1354883882     0.005960044199    0.0005288104032             -0.001                  0                  0                  0                  0                  0
         26658.8832                  0    0.0003213182603        55.78690868        64.30769451        3.706241686          4753.4716        2.912740683         1.40501669     0.008134542993     0.001404168348        59.31760607        3.967441623         4179.85506        1.020341145       0.1373489121     0.006003957857    0.0005275578101            -0.0009                  0                  0                  0                  0                  0
         26658.8832                  0    0.0003213255459        55.78627623        64.30804679        3.339295888        4718.839845        2.915174352        1.405019718     0.008108955117     0.001279642978        59.31798217         3.55784549        4210.329007        1.038164655       0.1392318628     0.006048504809    0.0005266339379            -0.0008                  0                  0                  0                  0                  0
         26658.8832                  0    0.0003213327937        55.78564709        64.30836462        3.018594926        4682.830347        2.917509369        1.405023536     0.008082864956     0.001158787142        59.31831961        3.195294845        4239.457177        1.055200822       0.1411306559     0.006093687254    0.0005260560267            -0.0007                  0                  0                  0                  0                  0
         26658.8832                  0    0.0003213399998        55.78502159         64.3086526        2.743381642         4645.57652        2.919741545        1.405027836     0.008056271408     0.001042870724        59.31862311        2.880079121        4267.207908        1.071377086        0.143037886     0.006139500316    0.0005258407138            -0.0006                  0                  0                  0                  0                  0
         26658.8832                  0    0.0003213471603        55.78440006        64.30891524        2.512848214        4607.207765        2.921866415        1.405032288     0.008029173882     0.000933727691        59.31889744        2.612500138        4293.547915        1.086618034       0.1449452835     0.006185931552     0.000526003812            -0.0005                  0                  0                  0                  0                  0
         26658.8832                  0    0.0003213542711        55.78378287        64.30915698          2.3261478        4567.848772        2.923879248        1.405036537     0.008001572362    0.0008340131253        59.31914738        2.392867464        4318.442302        1.100845462       0.1468436835     0.006232960467    0.0005265600736            -0.0004                  0                  0                  0                  0                  0
         26658.8832                  0    0.0003213613278         55.7831704        64.30938216        2.182405917        4527.618926        2.925775057        1.405040204     0.007973467471    0.0007475003911        59.31937775        2.221493748        4341.854603        1.113978506       0.1487230092     0.006280558062    0.0005275229464            -0.0003                  0                  0                  0                  0                  0
         26658.8832                  0    0.0003213683258        55.78256304        64.30959504        2.080731451        4486.631813        2.927548606        1.405042885     0.007944860545     0.000679242306         59.3195934        2.098690025         4363.74684        1.125933846       0.1505722704     0.006328686397    0.0005289043228            -0.0002                  0                  0                  0                  0                  0
         26658.8832                  0    0.0003213752604         55.7819612        64.30979978        2.020227216        4444.994831        2.929194432        1.405044151     0.007915753703    0.0006351404784        59.31979919        2.024760954        4384.079611        1.136625997        0.152379577     0.006377298207    0.0005307142905            -0.0001                  0                  0                  0                  0                  0
         26658.8832                  0    0.0003213821268         55.7813653        64.31000046                  2        4402.810082        2.930706848        1.405043549     0.007886149924    0.0006203565616        59.32000003                  2        4402.813091        1.145967676       0.1541321692     0.006426336543    0.0005329608865    1.897353802e-19                  0                  0                  0                  0                  0
         26658.8832                  0      0.00032138892        55.78077577        64.31020107        2.019170053        4365.261015        2.932079967        1.405040598     0.007856053124     0.000636923707        59.32020086        2.024684533        4431.582468        1.153870276       0.1558164647     0.006475734484    0.0005356498634             0.0001                  0                  0                  0                  0                  0
         26658.8832                  0     0.000321395635        55.78019304        64.31040549        2.076880014        4327.143919        2.933307716        1.405034795     0.007825468231    0.0006825517586        59.32040663        2.099070875        4458.606763        1.160244425        0.157418124     0.006525414897    0.0005387844715             0.0002                  0                  0                  0                  0                  0
         26658.8832                  0    0.0003214022669        55.77961755        64.31061755        2.172303248        4288.565082        2.934383857        1.405025612     0.007794401272    0.0007519587585        59.32062232        2.223389286        4483.827974        1.165000655       0.1589221339     0.006575290278    0.0005423652639             0.0003                  0                  0                  0                  0                  0
         26658.8832                  0    0.0003214088106        55.77904973        64.31084097        2.304651628        4249.624443        2.935302005        1.405012499     0.007762859451    0.0008392561986        59.32085293        2.397838913        4507.188274        1.168050163       0.1603129101     0.006625262668    0.0005463899285             0.0004                  0                  0                  0                  0                  0
         26658.8832                  0    0.0003214152612        55.77848999         64.3110794        2.473182775        4210.415575        2.936055654        1.404994882     0.007730851232      0.00093946116        59.32110347        2.622582739        4528.630284        1.169305683       0.1615744193     0.006675223664     0.000550853153             0.0005                  0                  0                  0                  0                  0
         26658.8832                  0    0.0003214216142        55.77793875        64.31133642        2.677206783        4171.025719        2.936638203        1.404972169     0.007698386421     0.001048872561        59.32137897        2.897742549        4548.097368        1.168682443       0.1626903203     0.006725054524     0.000555746526             0.0006                  0                  0                  0                  0                  0
         26658.8832                  0    0.0003214278651        55.77739639        64.31161554        2.916092496        4131.535866        2.937042979        1.404943751     0.007665476247     0.001164891477        59.32168447         3.22339397        4565.533952        1.166099225       0.1636441244     0.006774626388    0.0005610584768             0.0007                  0                  0                  0                  0                  0
         26658.8832                  0    0.0003214340098        55.77686325        64.31192023        3.189273371        4092.020882         2.93726327        1.404909002     0.007632133446     0.001285723163        59.32202501        3.599561628        4580.885873        1.161479491       0.1644193743     0.006823800607    0.0005667742566             0.0008                  0                  0                  0                  0                  0
         26658.8832                  0    0.0003214400445        55.77633967        64.31225387        3.496253004        4052.549667        2.937292356        1.404867286     0.007598372334     0.001410124016        59.32240563        4.026214478        4594.100738        1.154752592       0.1649998406     0.006872429207    0.0005728759612             0.0009                  0                  0                  0                  0                  0
