@ NAME             %04s "SUMM"
@ TYPE             %04s "SUMM"
@ TITLE            %55s "Matching chromaticity for the LHC 6.4 lattice with MADX"
@ ORIGIN           %19s "MAD-X 4.00.19 Linux"
@ DATE             %08s "05/05/09"
@ TIME             %08s "11.21.33"
*             LENGTH             ORBIT5               ALFA            GAMMATR                 Q1                DQ1            BETXMAX              DXMAX              DXRMS             XCOMAX             XCORMS                 Q2                DQ2            BETYMAX              DYMAX              DYRMS             YCOMAX             YCORMS             DELTAP            SYNCH_1            SYNCH_2            SYNCH_3            SYNCH_4            SYNCH_5 
$                %le                %le                %le                %le                %le                %le                %le                %le                %le                %le                %le                %le                %le                %le                %le                %le                %le                %le                %le                %le                %le                %le                %le                %le 
         26658.8832                  0    0.0003213201286         55.7867465        64.31119807       -4.002824955        5152.820211        2.927854799        1.405213312     0.008154957498     0.001531474912        59.31626585        7.110734517        4023.704659       0.9294680863       0.1290352748     0.005979170137     0.000529013378             -0.001                  0                  0                  0                  0                  0
         26658.8832                  0    0.0003213262738        55.78621305        64.31082254       -3.510597373        5074.061055        2.928709476        1.405205305     0.008130783671     0.001404156464        59.31693856        6.350048488        4065.512186       0.9523509687       0.1313187064     0.006020319519    0.0005278250412            -0.0009                  0                  0                  0                  0                  0
         26658.8832                  0    0.0003213324358        55.78567815         64.3104973       -2.993416244        4996.108178        2.929454653        1.405196207     0.008106004482     0.001279620508        59.31753684        5.619346325         4106.47349       0.9750420468       0.1336528427     0.006062150317    0.0005269319571            -0.0008                  0                  0                  0                  0                  0
         26658.8832                  0    0.0003213386133        55.78514194        64.31022493       -2.451774042        4918.977687         2.93008419        1.405185708     0.008080620643     0.001158757566        59.31806358        4.918653162        4146.580923       0.9975129546       0.1360381989     0.006104707843    0.0005263552372            -0.0007                  0                  0                  0                  0                  0
         26658.8832                  0    0.0003213448044        55.78460455        64.31000791       -1.886084005        4842.683304        2.930591777        1.405173481     0.008054633175     0.001042837705        59.31852176        4.248028958        4185.827844        1.019734114        0.138474959      0.00614803578    0.0005261162115            -0.0006                  0                  0                  0                  0                  0
         26658.8832                  0    0.0003213510074        55.78406614        64.30984863       -1.296680113        4767.235349        2.930970959        1.405159184     0.008028043497    0.0009336950125        59.31891436        3.607564611        4224.207548        1.041674581       0.1409629306     0.006192175856    0.0005262363024            -0.0005                  0                  0                  0                  0                  0
         26658.8832                  0    0.0003213572204        55.78352689        64.30974946      -0.6838165694        4692.640557        2.931215148        1.405142459     0.008000853504    0.0008339845147         59.3192444        2.997378897        4261.712785        1.063301889       0.1435014995     0.006237167484    0.0005267368843            -0.0004                  0                  0                  0                  0                  0
         26658.8832                  0    0.0003213634412        55.78298697        64.30971275     -0.04766694014        4618.902179        2.931317646        1.405122932     0.007973065661    0.0007474790925        59.31951492        2.417615788        4298.335493        1.084581884       0.1460895841     0.006283047413     0.000527639128            -0.0003                  0                  0                  0                  0                  0
         26658.8832                  0    0.0003213696675        55.78244659        64.30974081       0.6116770384        4546.020175        2.931271667         1.40510021     0.007944683082    0.0006792302144        59.31972898        1.868442007        4334.066621         1.10547856       0.1487255905     0.006329849348    0.0005289638331            -0.0002                  0                  0                  0                  0                  0
         26658.8832                  0    0.0003213758969        55.78190596        64.30983594        1.294207015        4473.991447        2.931070364        1.405073889     0.007915709614    0.0006351367877        59.31988965        1.350044745        4368.895994        1.125953891       0.1514073686     0.006377603569    0.0005307312488            -0.0001                  0                  0                  0                  0                  0
         26658.8832                  0    0.0003213821268         55.7813653        64.31000046                  2        4402.810079        2.930706853        1.405043549     0.007886149925    0.0006203565616        59.32000003       0.8626294796        4402.813092         1.14596767       0.1541321689     0.006426336543    0.0005329608865    1.897353802e-19                  0                  0                  0                  0                  0
         26658.8832                  0    0.0003213883542        55.78082486        64.31023669         2.72922084        4338.086526        2.930174248        1.405008757     0.007856009575    0.0006369190826        59.32006325       0.4064178778        4451.182554        1.165477351       0.1568966009     0.006476070513     0.000535671326             0.0001                  0                  0                  0                  0                  0
         26658.8832                  0    0.0003213945763        55.78028491        64.31054696        3.482125264        4274.141583        2.929465686        1.404969071     0.007825295103    0.0006825326831        59.32008243     -0.01835425265        4498.716683        1.184437892       0.1596965937     0.006526823095    0.0005388800202             0.0002                  0                  0                  0                  0                  0
         26658.8832                  0    0.0003214007898        55.77974573        64.31093364        4.259063605        4210.936369        2.928574367        1.404924042      0.00779401409    0.0007519160245        59.32006076      -0.4114389858        4545.375084        1.202801621        0.162527359     0.006578606855    0.0005426030996             0.0003                  0                  0                  0                  0                  0
         26658.8832                  0    0.0003214069912         55.7792076        64.31139913        5.060485319        4148.431266        2.927493585        1.404873215     0.007762175236    0.0008391820108        59.32000144      -0.7725782912        4591.116371        1.220518109       0.1653833562     0.006631428893    0.0005468551819             0.0004                  0                  0                  0                  0                  0
         26658.8832                  0     0.000321413177        55.77867085        64.31194586        5.886944401        4086.584946        2.926216766        1.404816136     0.007729788419    0.0009393489289        59.31990768       -1.101506063        4635.898197        1.237534062       0.1682582617     0.006685290413     0.000551649189             0.0005                  0                  0                  0                  0                  0
         26658.8832                  0    0.0003214193433         55.7781358        64.31257635        6.739105858        4025.354561        2.924737507        1.404752353     0.007696864756     0.001048716454        59.31978277       -1.397950183        4679.677314         1.25379324       0.1711449415     0.006740186297     0.000556996176             0.0006                  0                  0                  0                  0                  0
         26658.8832                  0    0.0003214254861         55.7776028        64.31329311        7.617753296        3964.695906        2.923049613        1.404681423     0.007663416652      0.00116468607           59.31963       -1.661634661        4722.409642        1.269236398       0.1740354284     0.006796104686    0.0005629051734             0.0007                  0                  0                  0                  0                  0
         26658.8832                  0    0.0003214316013        55.77707221        64.31409875        8.523797577        3904.563489        2.921147139        1.404602914     0.007629457841     0.001285463234        59.31945276       -1.892281915         4764.05042        1.283801268        0.176920904     0.006853026556    0.0005693830464             0.0008                  0                  0                  0                  0                  0
         26658.8832                  0    0.0003214376846        55.77654442        64.31499583        9.458285663         3844.91033        2.919024428        1.404516412      0.00759500343     0.001409804437        59.31925459       -2.089615448        4804.554558        1.297422569       0.1797916868     0.006910925309     0.000576434373             0.0009                  0                  0                  0                  0                  0
