MulOrd   Loc  Res      Position[m]              Cosine                 Sine                   Amplitude        j   k   l   m
   3      1    1  2.005000000000000E-01  2.178472837994009E-08  1.243147963102082E-08  2.508218643588021E-08   3   0   0   0
   3      1    2  2.005000000000000E-01  2.336484043460883E-08 -2.794030604557040E-08  3.642219749623669E-08   2   1   0   0
   3      1    3  2.005000000000000E-01 -2.308679206261128E-07  2.642675343727100E-08  2.323754936981510E-07   1   0   2   0
   3      1    4  2.005000000000000E-01 -3.712938012757409E-07  4.440031366574611E-07  5.787900070210727E-07   1   0   1   1
   3      1    5  2.005000000000000E-01  1.413700446104984E-07  2.208614059458710E-06  2.213133876011990E-06   1   0   0   2
   3      2    1  1.901500000000000E+00 -9.981410535534456E-08 -2.421563842067653E-07  2.619209232573495E-07   3   0   0   0
   3      2    2  1.901500000000000E+00 -4.942679645354622E-08 -3.771137812184088E-07  3.803390752900709E-07   2   1   0   0
   3      2    3  1.901500000000000E+00  4.018279322825145E-08  1.649089514294654E-07  1.697339657616889E-07   1   0   2   0
   3      2    4  1.901500000000000E+00  5.494029335624401E-08  4.191803486251494E-07  4.227654201889884E-07   1   0   1   1
   3      2    5  1.901500000000000E+00  3.497491138195406E-08  1.616160350276542E-06  1.616538747519579E-06   1   0   0   2
   4      1    1  1.902500000000000E+00  2.672913860172091E-03  4.644879484943136E-03  5.359045990989971E-03   4   0   0   0
   4      1    2  1.902500000000000E+00 -2.855000271701769E-03 -1.068542102214787E-02  1.106025537553165E-02   3   1   0   0
   4      1    3  1.902500000000000E+00  6.766632306770417E-03  1.741663509639850E-02  1.868492683571785E-02   2   0   2   0
   4      1    4  1.902500000000000E+00  4.768263248291770E-03  1.784619807481204E-02  1.847222564095715E-02   2   0   1   1
   4      1    5  1.902500000000000E+00  1.581838767401002E-03  1.035365072254090E-02  1.047379096461374E-02   2   0   0   2
   4      1    6  1.902500000000000E+00  2.687222361088774E-03  2.444735403228231E-02  2.459459865900815E-02   1   1   2   0
   4      1    7  1.902500000000000E+00 -1.801005102274703E-04 -8.093456671316438E-04  8.291420883593841E-04   0   0   4   0
   4      1    8  1.902500000000000E+00 -4.986722087937863E-04 -4.536735110191036E-03  4.564059534215494E-03   0   0   3   1
