MulOrd           Cosine                 Sine                   Amplitude        j   k   l   m
   3     -7.802937697540446E-08 -2.297249045757445E-07  2.426151591585008E-07   3   0   0   0
   3     -2.606195601893739E-08 -4.050540872639792E-07  4.058916593880544E-07   2   1   0   0
   3     -1.906851273978613E-07  1.913357048667364E-07  2.701299127597487E-07   1   0   2   0
   3     -3.163535079194969E-07  8.631834852826106E-07  9.193287068495175E-07   1   0   1   1
   3      1.763449559924524E-07  3.824774409735252E-06  3.828837529703973E-06   1   0   0   2
   4      2.672913860172091E-03  4.644879484943136E-03  5.359045990989971E-03   4   0   0   0
   4     -2.855000271701769E-03 -1.068542102214787E-02  1.106025537553165E-02   3   1   0   0
   4      6.766632306770417E-03  1.741663509639850E-02  1.868492683571785E-02   2   0   2   0
   4      4.768263248291770E-03  1.784619807481204E-02  1.847222564095715E-02   2   0   1   1
   4      1.581838767401002E-03  1.035365072254090E-02  1.047379096461374E-02   2   0   0   2
   4      2.687222361088774E-03  2.444735403228231E-02  2.459459865900815E-02   1   1   2   0
   4     -1.801005102274703E-04 -8.093456671316438E-04  8.291420883593841E-04   0   0   4   0
   4     -4.986722087937863E-04 -4.536735110191036E-03  4.564059534215494E-03   0   0   3   1
