MulOrd1 MulOrd2          Cosine                 Sine                   Amplitude        j   k   l   m
   3       3      2.651545801891061E-13  5.073672929102987E-13  5.724757822916057E-13   4   0   0   0
   3       3     -1.178764123729621E-13 -2.336765754308513E-13  2.617242642534523E-13   3   1   0   0
   3       3     -7.845553919754148E-14 -1.839005538895882E-12  1.840678310764950E-12   2   0   2   0
   3       3      2.751829231963376E-12 -2.897866379536656E-12  3.996272472634596E-12   2   0   1   1
   3       3      1.597512090710992E-12 -6.765598310696329E-12  6.951644796856700E-12   2   0   0   2
   3       3      3.331535963597652E-12 -1.105658104173296E-11  1.154760218439972E-11   1   1   2   0
   3       3     -8.070609456199137E-13  7.656687247783616E-13  1.112472905759341E-12   0   0   4   0
   3       3     -1.849096769004695E-12  4.495584430500292E-12  4.861012058501834E-12   0   0   3   1
   4       3      1.176512205534018E-08  1.599713932693378E-08  1.985765755627746E-08   5   0   0   0
   4       3     -3.327534912645816E-08 -8.806947220197523E-08  9.414606095542271E-08   4   1   0   0
   4       3     -7.231188077863776E-10 -1.259717970632845E-08  1.261791731482291E-08   3   2   0   0
   4       3      6.970367397860524E-08  1.521511147463858E-07  1.673575928504098E-07   3   0   2   0
   4       3     -2.824782632194138E-07 -5.210942953852229E-07  5.927336955787805E-07   3   0   1   1
   4       3     -1.171530771331136E-07 -2.936817872804919E-07  3.161863938597316E-07   3   0   0   2
   4       3     -9.060286355110837E-08 -5.339039788071540E-07  5.415370139425104E-07   2   1   2   0
   4       3     -1.754100591537789E-07 -1.104793556209155E-06  1.118631972855060E-06   2   1   1   1
   4       3     -7.550178043776933E-07 -7.311297032814606E-06  7.350177969748146E-06   2   1   0   2
   4       3      6.972580882380403E-08  2.484754767336003E-07  2.580731503936890E-07   1   0   4   0
   4       3      7.824517372307956E-08  3.961966488822744E-07  4.038490953270778E-07   1   0   3   1
   4       3      1.056409993957624E-07  6.824859141793406E-07  6.906135270949633E-07   1   0   2   2
   4       3      4.332233350749160E-07  4.643834334314068E-06  4.663998261428451E-06   1   0   1   3
   4       3      2.067286472551781E-09 -2.894868442014261E-07  2.894942255711853E-07   1   0   0   4
   4       4     -2.279819905333066E-04 -2.289576516731240E-04  3.231058561326307E-04   6   0   0   0
   4       4     -1.192088477906330E-03 -2.071562199504516E-03  2.390072150704455E-03   5   1   0   0
   4       4      3.696800831089395E-05  1.383603136810584E-04  1.432138612020331E-04   4   2   0   0
   4       4      2.137056419320744E-04  2.920864968806018E-04  3.619179783508713E-04   4   0   2   0
   4       4      2.109433113818400E-03  3.665685879830027E-03  4.229297935976943E-03   4   0   1   1
   4       4     -1.347974775758433E-03 -3.078690230723001E-03  3.360858451769464E-03   4   0   0   2
   4       4      4.170862978548240E-04  1.073538434499675E-03  1.151714265869037E-03   3   1   2   0
   4       4      2.717003453798030E-05  1.016893977567176E-04  1.052565646072442E-04   3   1   1   1
   4       4     -2.291748371006155E-04 -1.500024064799941E-03  1.517429833942588E-03   3   1   0   2
   4       4      3.976482288825534E-04  3.617656347524215E-03  3.639445227327330E-03   2   2   2   0
   4       4      1.099974393496314E-03  2.112615473379805E-03  2.381824469752413E-03   2   0   4   0
   4       4     -1.948637772613628E-03 -5.015598821102283E-03  5.380838289997128E-03   2   0   3   1
   4       4     -2.596180890458635E-04 -9.716736680963475E-04  1.005759051379423E-03   2   0   2   2
   4       4      2.599071910600080E-04  1.701177346243311E-03  1.720917229658689E-03   2   0   1   3
   4       4      1.243436060540995E-04  2.949737963996255E-03  2.952357598362250E-03   2   0   0   4
   4       4     -8.214655764700305E-05 -3.691547592919645E-04  3.781842054358705E-04   1   1   4   0
   4       4     -3.534465844529743E-04 -3.215526153229033E-03  3.234893032259548E-03   1   1   3   1
   4       4     -5.463068130786362E-06 -1.603105988657630E-05  1.693635127436277E-05   0   0   6   0
   4       4     -7.615133551334320E-07 -3.422130973763988E-06  3.505835562550166E-06   0   0   5   1
   4       4      2.322681691721850E-05  2.113089800235872E-04  2.125816785678266E-04   0   0   4   2
