MulOrd           Cosine                 Sine                   Amplitude        j   k   l   m
   3      1.398641920837724E-07 -1.230266945806448E-07  1.862728101647839E-07   3   0   0   0
   3     -4.241284498178371E-07 -4.843705778282930E-07  6.438165877100372E-07   2   1   0   0
   3     -4.311533707333806E-07  3.144015153695683E-07  5.336117895637585E-07   1   0   2   0
   3      4.359980260689481E-07  1.391513344880608E-06  1.458219348286408E-06   1   0   1   1
   3      7.928224863889392E-07  4.589199777985041E-08  7.941495894251696E-07   1   0   0   2
   4      5.342932585761963E-03 -1.664815775959550E-06  5.342932845133709E-03   4   0   0   0
   4     -3.329631592328616E-06 -2.137173112116309E-02  2.137173138053484E-02   3   1   0   0
   4     -1.152916875146560E-02  1.362319938538676E-02  1.784694073486470E-02   2   0   2   0
   4      5.560966179032553E-06  3.569388103654108E-02  3.569388146972940E-02   2   0   1   1
   4      1.153341307337129E-02  1.361960632590976E-02  1.784694073486470E-02   2   0   0   2
   4      2.724280604192084E-02  2.306258210472914E-02  3.569388146972940E-02   1   1   2   0
   4     -2.733202720974185E-04 -1.633230779684281E-03  1.655942858569561E-03   0   0   4   0
   4     -5.055491670276621E-03 -4.279760739261501E-03  6.623771434278243E-03   0   0   3   1
