MulOrd   Loc  Res      Position[m]              Cosine                 Sine                   Amplitude        j   k   l   m
   3      1    1  2.005000000000000E-01 -2.392489522840191E-09  1.910817124331904E-08  1.925736779471444E-08   3   0   0   0
   3      1    2  2.005000000000000E-01  2.397998220620132E-09 -5.772231400387590E-08  5.777210338414332E-08   2   1   0   0
   3      1    3  2.005000000000000E-01 -4.586064590130802E-07 -1.976337759552827E-08  4.590321070932832E-07   1   0   2   0
   3      1    4  2.005000000000000E-01 -3.810691013612389E-08  9.172730044920514E-07  9.180642141865664E-07   1   0   1   1
   3      1    5  2.005000000000000E-01  4.586654465199779E-07  1.834348688577829E-08  4.590321070932832E-07   1   0   0   2
   3      2    1  1.901500000000000E+00  1.422566816066126E-07 -1.421348658239638E-07  2.010952101481320E-07   3   0   0   0
   3      2    2  1.901500000000000E+00 -4.265264480384573E-07 -4.266482638244171E-07  6.032856304443959E-07   2   1   0   0
   3      2    3  1.901500000000000E+00  2.745308827969962E-08  3.341648929650966E-07  3.352906914104050E-07   1   0   2   0
   3      2    4  1.901500000000000E+00  4.741049362050719E-07  4.742403403885567E-07  6.705813828208098E-07   1   0   1   1
   3      2    5  1.901500000000000E+00  3.341570398689613E-07  2.754851089407212E-08  3.352906914104049E-07   1   0   0   2
   4      1    1  1.902500000000000E+00  5.342932585761963E-03 -1.664815775959550E-06  5.342932845133709E-03   4   0   0   0
   4      1    2  1.902500000000000E+00 -3.329631592328616E-06 -2.137173112116309E-02  2.137173138053484E-02   3   1   0   0
   4      1    3  1.902500000000000E+00 -1.152916875146560E-02  1.362319938538676E-02  1.784694073486470E-02   2   0   2   0
   4      1    4  1.902500000000000E+00  5.560966179032553E-06  3.569388103654108E-02  3.569388146972940E-02   2   0   1   1
   4      1    5  1.902500000000000E+00  1.153341307337129E-02  1.361960632590976E-02  1.784694073486470E-02   2   0   0   2
   4      1    6  1.902500000000000E+00  2.724280604192084E-02  2.306258210472914E-02  3.569388146972940E-02   1   1   2   0
   4      1    7  1.902500000000000E+00 -2.733202720974185E-04 -1.633230779684281E-03  1.655942858569561E-03   0   0   4   0
   4      1    8  1.902500000000000E+00 -5.055491670276621E-03 -4.279760739261501E-03  6.623771434278243E-03   0   0   3   1
