MulOrd1 MulOrd2          Cosine                 Sine                   Amplitude        j   k   l   m
   3       3      5.702912505897134E-13  2.299126781490131E-14  5.707545084315286E-13   4   0   0   0
   3       3     -1.035754999151599E-13 -4.950098385296868E-13  5.057297938858871E-13   3   1   0   0
   3       3      1.507481956755826E-12 -9.047149509899173E-13  1.758127126373136E-12   2   0   2   0
   3       3      6.581943617080922E-12 -4.038224863721641E-12  7.721997269386460E-12   2   0   1   1
   3       3     -3.716738416214290E-12 -1.124712784103630E-11  1.184533786462746E-11   2   0   0   2
   3       3     -7.532461428914352E-12 -1.497074466435344E-11  1.675891318025574E-11   1   1   2   0
   3       3     -1.690797780934541E-12  1.441394388015091E-12  2.221804428345251E-12   0   0   4   0
   3       3      2.541915384284465E-12  6.580878295299001E-12  7.054735498826270E-12   0   0   3   1
   4       3      2.732339292928624E-08  2.833678158411875E-08  3.936420952736407E-08   5   0   0   0
   4       3      5.262894441827578E-08 -4.954761939084544E-08  7.228258696174373E-08   4   1   0   0
   4       3     -1.308043483129168E-08 -1.514837120422252E-08  2.001426804848448E-08   3   2   0   0
   4       3      1.358539202152937E-07 -1.578221450415080E-09  1.358630870428386E-07   3   0   2   0
   4       3      2.861705449855403E-07 -3.538466741717549E-07  4.550835633592288E-07   3   0   1   1
   4       3     -8.709022961219794E-09 -5.906897379767396E-07  5.907539366199504E-07   3   0   0   2
   4       3     -1.182976605326738E-08 -1.069681112119473E-06  1.069746523710186E-06   2   1   2   0
   4       3     -1.288058807891427E-06 -1.220336849507171E-06  1.774349886254617E-06   2   1   1   1
   4       3     -1.524519624426403E-06 -1.510227721539876E-09  1.524520372461120E-06   2   1   0   2
   4       3     -1.872166075213894E-07  2.243436380797199E-07  2.921987783661361E-07   1   0   4   0
   4       3      3.026208550653751E-08  7.971850714604117E-07  7.977592569055821E-07   1   0   3   1
   4       3      7.922781311252995E-07  7.564892461095997E-07  1.095436267675517E-06   1   0   2   2
   4       3      9.673153693614099E-07  1.051743585791665E-08  9.673725447105816E-07   1   0   1   3
   4       3      2.877812482413085E-07 -2.428559672049365E-07  3.765595140829280E-07   1   0   0   4
   4       4     -2.141237791063850E-07 -4.581283154620155E-04  4.581283655014791E-04   6   0   0   0
   4       4     -2.382885759478624E-03  7.424884632197155E-07  2.382885875155404E-03   5   1   0   0
   4       4      4.311377816574853E-08  2.767321395855470E-04  2.767321429440255E-04   4   2   0   0
   4       4      5.371602793339291E-04  4.544494255213984E-04  7.036088729193470E-04   4   0   2   0
   4       4      4.216581420465236E-03 -1.313853610677550E-06  4.216581625158458E-03   4   0   1   1
   4       4      1.467145473084430E-03 -1.242806923596663E-03  1.922780509712936E-03   4   0   0   2
   4       4     -7.106427679070063E-04  8.397160565239881E-04  1.100061906968298E-03   3   1   2   0
   4       4      3.168693406414272E-08  2.033872565456223E-04  2.033872590139721E-04   3   1   1   1
   4       4     -1.670946569761189E-03 -1.973191658618407E-03  2.585642620440409E-03   3   1   0   2
   4       4      4.031320120442714E-03  3.412741371982448E-03  5.281888448796216E-03   2   2   2   0
   4       4      1.451454929249906E-03 -2.431326535849028E-04  1.471677579799015E-03   2   0   4   0
   4       4      3.320141053543552E-03 -3.923174734889891E-03  5.139517157856723E-03   2   0   3   1
   4       4     -3.027784619833904E-07 -1.943428183973903E-03  1.943428207559749E-03   2   0   2   2
   4       4      1.895020565313277E-03  2.237796731538165E-03  2.932377389532791E-03   2   0   1   3
   4       4      1.201433644808226E-03  2.008668435135315E-04  1.218109310242832E-03   2   0   0   4
   4       4     -1.246654962808681E-04 -7.449411788158881E-04  7.553005003695948E-04   1   1   4   0
   4       4     -3.583208031407741E-03 -3.033389045735731E-03  4.694766117618051E-03   1   1   3   1
   4       4      1.123199558489804E-05 -1.887971606411819E-05  2.196819071933079E-05   0   0   6   0
   4       4     -1.155671558997844E-06 -6.905738629911251E-06  7.001771402789799E-06   0   0   5   1
   4       4      2.354712722733575E-04  1.993398015517507E-04  3.085175465815923E-04   0   0   4   2
