mb1
 -0.000000000000000e+00 -0.000000000000000e+00 -0.000000000000000e+00
 -0.000000000000000e+00 -0.000000000000000e+00 -0.000000000000000e+00
 -0.000000000000000e+00 -0.000000000000000e+00 -0.000000000000000e+00
 -0.000000000000000e+00 -0.000000000000000e+00 -0.000000000000000e+00
 -0.000000000000000e+00 -0.000000000000000e+00 -0.000000000000000e+00
 -0.000000000000000e+00 -0.000000000000000e+00 -0.000000000000000e+00
 -0.000000000000000e+00 -0.000000000000000e+00
  0.000000000000000e+00  0.000000000000000e+00  0.000000000000000e+00
  0.000000000000000e+00 -3.480041666666668e-09  0.000000000000000e+00
  0.000000000000000e+00  0.000000000000000e+00  0.000000000000000e+00
  0.000000000000000e+00  0.000000000000000e+00  0.000000000000000e+00
  0.000000000000000e+00  0.000000000000000e+00  0.000000000000000e+00
  0.000000000000000e+00  0.000000000000000e+00  0.000000000000000e+00
  0.000000000000000e+00  0.000000000000000e+00
