 CTF$START                0.  m ===========================

 etall    1, NO =    1, NV =    6, INA =   26
 *********************************************

    I  COEFFICIENT          ORDER   EXPONENTS
     1   0.0000000000000        0     0 0  0 0  0 0
 0.
     2   1.0000000000000        1     1 0  0 0  0 0
 1.
     3   0.0000000000000        1     0 1  0 0  0 0
 0.
     4   0.0000000000000        1     0 0  1 0  0 0
 0.
     5   0.0000000000000        1     0 0  0 1  0 0
 0.
     6   0.0000000000000        1     0 0  0 0  1 0
 0.
     7   0.0000000000000        1     0 0  0 0  0 1
 0.
                                      

 etall    1, NO =    1, NV =    6, INA =   27
 *********************************************

    I  COEFFICIENT          ORDER   EXPONENTS
     1   0.0000000000000        0     0 0  0 0  0 0
 0.
     2   0.0000000000000        1     1 0  0 0  0 0
 0.
     3   1.0000000000000        1     0 1  0 0  0 0
 1.
     4   0.0000000000000        1     0 0  1 0  0 0
 0.
     5   0.0000000000000        1     0 0  0 1  0 0
 0.
     6   0.0000000000000        1     0 0  0 0  1 0
 0.
     7   0.0000000000000        1     0 0  0 0  0 1
 0.
                                      

 etall    1, NO =    1, NV =    6, INA =   28
 *********************************************

    I  COEFFICIENT          ORDER   EXPONENTS
     1   0.0000000000000        0     0 0  0 0  0 0
 0.
     2   0.0000000000000        1     1 0  0 0  0 0
 0.
     3   0.0000000000000        1     0 1  0 0  0 0
 0.
     4   1.0000000000000        1     0 0  1 0  0 0
 1.
     5   0.0000000000000        1     0 0  0 1  0 0
 0.
     6   0.0000000000000        1     0 0  0 0  1 0
 0.
     7   0.0000000000000        1     0 0  0 0  0 1
 0.
                                      

 etall    1, NO =    1, NV =    6, INA =   29
 *********************************************

    I  COEFFICIENT          ORDER   EXPONENTS
     1   0.0000000000000        0     0 0  0 0  0 0
 0.
     2   0.0000000000000        1     1 0  0 0  0 0
 0.
     3   0.0000000000000        1     0 1  0 0  0 0
 0.
     4   0.0000000000000        1     0 0  1 0  0 0
 0.
     5   1.0000000000000        1     0 0  0 1  0 0
 1.
     6   0.0000000000000        1     0 0  0 0  1 0
 0.
     7   0.0000000000000        1     0 0  0 0  0 1
 0.
                                      

 etall    1, NO =    1, NV =    6, INA =   30
 *********************************************

    I  COEFFICIENT          ORDER   EXPONENTS
     1   0.0000000000000        0     0 0  0 0  0 0
 0.
     2   0.0000000000000        1     1 0  0 0  0 0
 0.
     3   0.0000000000000        1     0 1  0 0  0 0
 0.
     4   0.0000000000000        1     0 0  1 0  0 0
 0.
     5   0.0000000000000        1     0 0  0 1  0 0
 0.
     6   1.0000000000000        1     0 0  0 0  1 0
 1.
     7   0.0000000000000        1     0 0  0 0  0 1
 0.
                                      

 etall    1, NO =    1, NV =    6, INA =   31
 *********************************************

    I  COEFFICIENT          ORDER   EXPONENTS
     1   0.0000000000000        0     0 0  0 0  0 0
 0.
     2   0.0000000000000        1     1 0  0 0  0 0
 0.
     3   0.0000000000000        1     0 1  0 0  0 0
 0.
     4   0.0000000000000        1     0 0  1 0  0 0
 0.
     5   0.0000000000000        1     0 0  0 1  0 0
 0.
     6   0.0000000000000        1     0 0  0 0  1 0
 0.
     7   1.0000000000000        1     0 0  0 0  0 1
 1.
                                      
 QUAD_L2                  0.  m ===========================

 etall    1, NO =    1, NV =    6, INA =   26
 *********************************************

    I  COEFFICIENT          ORDER   EXPONENTS
     1   0.0000000000000        0     0 0  0 0  0 0
 0.
     2  0.95818532984235        1     1 0  0 0  0 0
 0.958185329842349
     3  0.10846247829261        1     0 1  0 0  0 0
 0.10846247829260962
     4   0.0000000000000        1     0 0  1 0  0 0
 0.
     5   0.0000000000000        1     0 0  0 1  0 0
 0.
     6   0.0000000000000        1     0 0  0 0  1 0
 0.
     7   0.0000000000000        1     0 0  0 0  0 1
 0.
                                      

 etall    1, NO =    1, NV =    6, INA =   27
 *********************************************

    I  COEFFICIENT          ORDER   EXPONENTS
     1   0.0000000000000        0     0 0  0 0  0 0
 0.
     2  -.75492349947981        1     1 0  0 0  0 0
 -0.7549234994798106
     3  0.95818532984235        1     0 1  0 0  0 0
 0.9581853298423493
     4   0.0000000000000        1     0 0  1 0  0 0
 0.
     5   0.0000000000000        1     0 0  0 1  0 0
 0.
     6   0.0000000000000        1     0 0  0 0  1 0
 0.
     7   0.0000000000000        1     0 0  0 0  0 1
 0.
                                      

 etall    1, NO =    1, NV =    6, INA =   28
 *********************************************

    I  COEFFICIENT          ORDER   EXPONENTS
     1   0.0000000000000        0     0 0  0 0  0 0
 0.
     2   0.0000000000000        1     1 0  0 0  0 0
 0.
     3   0.0000000000000        1     0 1  0 0  0 0
 0.
     4   1.0424057391407        1     0 0  1 0  0 0
 1.0424057391407122
     5  0.11155052520062        1     0 0  0 1  0 0
 0.11155052520061799
     6   0.0000000000000        1     0 0  0 0  1 0
 0.
     7   0.0000000000000        1     0 0  0 0  0 1
 0.
                                      

 etall    1, NO =    1, NV =    6, INA =   29
 *********************************************

    I  COEFFICIENT          ORDER   EXPONENTS
     1   0.0000000000000        0     0 0  0 0  0 0
 0.
     2   0.0000000000000        1     1 0  0 0  0 0
 0.
     3   0.0000000000000        1     0 1  0 0  0 0
 0.
     4  0.77641700778839        1     0 0  1 0  0 0
 0.7764170077883931
     5   1.0424057391407        1     0 0  0 1  0 0
 1.0424057391407104
     6   0.0000000000000        1     0 0  0 0  1 0
 0.
     7   0.0000000000000        1     0 0  0 0  0 1
 0.
                                      

 etall    1, NO =    1, NV =    6, INA =   30
 *********************************************

    I  COEFFICIENT          ORDER   EXPONENTS
     1   0.0000000000000        0     0 0  0 0  0 0
 0.
     2   0.0000000000000        1     1 0  0 0  0 0
 0.
     3   0.0000000000000        1     0 1  0 0  0 0
 0.
     4   0.0000000000000        1     0 0  1 0  0 0
 0.
     5   0.0000000000000        1     0 0  0 1  0 0
 0.
     6   1.0000000000000        1     0 0  0 0  1 0
 1.
     7   0.0000000000000        1     0 0  0 0  0 1
 0.
                                      

 etall    1, NO =    1, NV =    6, INA =   31
 *********************************************

    I  COEFFICIENT          ORDER   EXPONENTS
     1  0.11003592157248        0     0 0  0 0  0 0
 0.11003592157247968
     2   0.0000000000000        1     1 0  0 0  0 0
 0.
     3   0.0000000000000        1     0 1  0 0  0 0
 0.
     4   0.0000000000000        1     0 0  1 0  0 0
 0.
     5   0.0000000000000        1     0 0  0 1  0 0
 0.
     6  -.71854875498090E-04    1     0 0  0 0  1 0
 -0.00007185487549808956
     7   1.0000000000000        1     0 0  0 0  0 1
 1.
                                      
 DS_QL                    0.11  m ===========================

 etall    1, NO =    1, NV =    6, INA =   26
 *********************************************

    I  COEFFICIENT          ORDER   EXPONENTS
     1   0.0000000000000        0     0 0  0 0  0 0
 0.
     2  0.76945445497240        1     1 0  0 0  0 0
 0.7694544549723964
     3  0.34800881075320        1     0 1  0 0  0 0
 0.34800881075319695
     4   0.0000000000000        1     0 0  1 0  0 0
 0.
     5   0.0000000000000        1     0 0  0 1  0 0
 0.
     6   0.0000000000000        1     0 0  0 0  1 0
 0.
     7   0.0000000000000        1     0 0  0 0  0 1
 0.
                                      

 etall    1, NO =    1, NV =    6, INA =   27
 *********************************************

    I  COEFFICIENT          ORDER   EXPONENTS
     1   0.0000000000000        0     0 0  0 0  0 0
 0.
     2  -.75492349947981        1     1 0  0 0  0 0
 -0.7549234994798106
     3  0.95818532984235        1     0 1  0 0  0 0
 0.9581853298423493
     4   0.0000000000000        1     0 0  1 0  0 0
 0.
     5   0.0000000000000        1     0 0  0 1  0 0
 0.
     6   0.0000000000000        1     0 0  0 0  1 0
 0.
     7   0.0000000000000        1     0 0  0 0  0 1
 0.
                                      

 etall    1, NO =    1, NV =    6, INA =   28
 *********************************************

    I  COEFFICIENT          ORDER   EXPONENTS
     1   0.0000000000000        0     0 0  0 0  0 0
 0.
     2   0.0000000000000        1     1 0  0 0  0 0
 0.
     3   0.0000000000000        1     0 1  0 0  0 0
 0.
     4   1.2365099910878        1     0 0  1 0  0 0
 1.2365099910878106
     5  0.37215195998580        1     0 0  0 1  0 0
 0.3721519599857956
     6   0.0000000000000        1     0 0  0 0  1 0
 0.
     7   0.0000000000000        1     0 0  0 0  0 1
 0.
                                      

 etall    1, NO =    1, NV =    6, INA =   29
 *********************************************

    I  COEFFICIENT          ORDER   EXPONENTS
     1   0.0000000000000        0     0 0  0 0  0 0
 0.
     2   0.0000000000000        1     1 0  0 0  0 0
 0.
     3   0.0000000000000        1     0 1  0 0  0 0
 0.
     4  0.77641700778839        1     0 0  1 0  0 0
 0.7764170077883931
     5   1.0424057391407        1     0 0  0 1  0 0
 1.0424057391407104
     6   0.0000000000000        1     0 0  0 0  1 0
 0.
     7   0.0000000000000        1     0 0  0 0  0 1
 0.
                                      

 etall    1, NO =    1, NV =    6, INA =   30
 *********************************************

    I  COEFFICIENT          ORDER   EXPONENTS
     1   0.0000000000000        0     0 0  0 0  0 0
 0.
     2   0.0000000000000        1     1 0  0 0  0 0
 0.
     3   0.0000000000000        1     0 1  0 0  0 0
 0.
     4   0.0000000000000        1     0 0  1 0  0 0
 0.
     5   0.0000000000000        1     0 0  0 1  0 0
 0.
     6   1.0000000000000        1     0 0  0 0  1 0
 1.
     7   0.0000000000000        1     0 0  0 0  0 1
 0.
                                      

 etall    1, NO =    1, NV =    6, INA =   31
 *********************************************

    I  COEFFICIENT          ORDER   EXPONENTS
     1  0.36011756150993        0     0 0  0 0  0 0
 0.36011756150993235
     2   0.0000000000000        1     1 0  0 0  0 0
 0.
     3   0.0000000000000        1     0 1  0 0  0 0
 0.
     4   0.0000000000000        1     0 0  1 0  0 0
 0.
     5   0.0000000000000        1     0 0  0 1  0 0
 0.
     6  -.23516141072103E-03    1     0 0  0 0  1 0
 -0.00023516141072102523
     7   1.0000000000000        1     0 0  0 0  0 1
 1.
                                      
 QUAD_L1                  0.36  m ===========================

 etall    1, NO =    1, NV =    6, INA =   26
 *********************************************

    I  COEFFICIENT          ORDER   EXPONENTS
     1   0.0000000000000        0     0 0  0 0  0 0
 0.
     2  0.67182686548175        1     1 0  0 0  0 0
 0.6718268654817464
     3  0.59884554853787        1     0 1  0 0  0 0
 0.5988455485378736
     4   0.0000000000000        1     0 0  1 0  0 0
 0.
     5   0.0000000000000        1     0 0  0 1  0 0
 0.
     6   0.0000000000000        1     0 0  0 0  1 0
 0.
     7   0.0000000000000        1     0 0  0 0  0 1
 0.
                                      

 etall    1, NO =    1, NV =    6, INA =   27
 *********************************************

    I  COEFFICIENT          ORDER   EXPONENTS
     1   0.0000000000000        0     0 0  0 0  0 0
 0.
     2  -.14650897780027        1     1 0  0 0  0 0
 -0.14650897780026773
     3   1.3578851899132        1     0 1  0 0  0 0
 1.3578851899132103
     4   0.0000000000000        1     0 0  1 0  0 0
 0.
     5   0.0000000000000        1     0 0  0 1  0 0
 0.
     6   0.0000000000000        1     0 0  0 0  1 0
 0.
     7   0.0000000000000        1     0 0  0 0  0 1
 0.
                                      

 etall    1, NO =    1, NV =    6, INA =   28
 *********************************************

    I  COEFFICIENT          ORDER   EXPONENTS
     1   0.0000000000000        0     0 0  0 0  0 0
 0.
     2   0.0000000000000        1     1 0  0 0  0 0
 0.
     3   0.0000000000000        1     0 1  0 0  0 0
 0.
     4   1.2871898425440        1     0 0  1 0  0 0
 1.287189842543972
     5  0.55978359655470        1     0 0  0 1  0 0
 0.559783596554695
     6   0.0000000000000        1     0 0  0 0  1 0
 0.
     7   0.0000000000000        1     0 0  0 0  0 1
 0.
                                      

 etall    1, NO =    1, NV =    6, INA =   29
 *********************************************

    I  COEFFICIENT          ORDER   EXPONENTS
     1   0.0000000000000        0     0 0  0 0  0 0
 0.
     2   0.0000000000000        1     1 0  0 0  0 0
 0.
     3   0.0000000000000        1     0 1  0 0  0 0
 0.
     4  -.32295695685604        1     0 0  1 0  0 0
 -0.3229569568560378
     5  0.63643602993300        1     0 0  0 1  0 0
 0.636436029933003
     6   0.0000000000000        1     0 0  0 0  1 0
 0.
     7   0.0000000000000        1     0 0  0 0  0 1
 0.
                                      

 etall    1, NO =    1, NV =    6, INA =   30
 *********************************************

    I  COEFFICIENT          ORDER   EXPONENTS
     1   0.0000000000000        0     0 0  0 0  0 0
 0.
     2   0.0000000000000        1     1 0  0 0  0 0
 0.
     3   0.0000000000000        1     0 1  0 0  0 0
 0.
     4   0.0000000000000        1     0 0  1 0  0 0
 0.
     5   0.0000000000000        1     0 0  0 1  0 0
 0.
     6   1.0000000000000        1     0 0  0 0  1 0
 1.
     7   0.0000000000000        1     0 0  0 0  0 1
 0.
                                      

 etall    1, NO =    1, NV =    6, INA =   31
 *********************************************

    I  COEFFICIENT          ORDER   EXPONENTS
     1  0.58018940465488        0     0 0  0 0  0 0
 0.5801894046548817
     2   0.0000000000000        1     1 0  0 0  0 0
 0.
     3   0.0000000000000        1     0 1  0 0  0 0
 0.
     4   0.0000000000000        1     0 0  1 0  0 0
 0.
     5   0.0000000000000        1     0 0  0 1  0 0
 0.
     6  -.37887116171720E-03    1     0 0  0 0  1 0
 -0.00037887116171720205
     7   1.0000000000000        1     0 0  0 0  0 1
 1.
                                      
 CELL_Q1                  0.58  m ===========================

 etall    1, NO =    1, NV =    6, INA =   26
 *********************************************

    I  COEFFICIENT          ORDER   EXPONENTS
     1   0.0000000000000        0     0 0  0 0  0 0
 0.
     2  0.67182686548175        1     1 0  0 0  0 0
 0.6718268654817464
     3  0.59884554853787        1     0 1  0 0  0 0
 0.5988455485378736
     4   0.0000000000000        1     0 0  1 0  0 0
 0.
     5   0.0000000000000        1     0 0  0 1  0 0
 0.
     6   0.0000000000000        1     0 0  0 0  1 0
 0.
     7   0.0000000000000        1     0 0  0 0  0 1
 0.
                                      

 etall    1, NO =    1, NV =    6, INA =   27
 *********************************************

    I  COEFFICIENT          ORDER   EXPONENTS
     1   0.0000000000000        0     0 0  0 0  0 0
 0.
     2  -.14650897780027        1     1 0  0 0  0 0
 -0.14650897780026773
     3   1.3578851899132        1     0 1  0 0  0 0
 1.3578851899132103
     4   0.0000000000000        1     0 0  1 0  0 0
 0.
     5   0.0000000000000        1     0 0  0 1  0 0
 0.
     6   0.0000000000000        1     0 0  0 0  1 0
 0.
     7   0.0000000000000        1     0 0  0 0  0 1
 0.
                                      

 etall    1, NO =    1, NV =    6, INA =   28
 *********************************************

    I  COEFFICIENT          ORDER   EXPONENTS
     1   0.0000000000000        0     0 0  0 0  0 0
 0.
     2   0.0000000000000        1     1 0  0 0  0 0
 0.
     3   0.0000000000000        1     0 1  0 0  0 0
 0.
     4   1.2871898425440        1     0 0  1 0  0 0
 1.287189842543972
     5  0.55978359655470        1     0 0  0 1  0 0
 0.559783596554695
     6   0.0000000000000        1     0 0  0 0  1 0
 0.
     7   0.0000000000000        1     0 0  0 0  0 1
 0.
                                      

 etall    1, NO =    1, NV =    6, INA =   29
 *********************************************

    I  COEFFICIENT          ORDER   EXPONENTS
     1   0.0000000000000        0     0 0  0 0  0 0
 0.
     2   0.0000000000000        1     1 0  0 0  0 0
 0.
     3   0.0000000000000        1     0 1  0 0  0 0
 0.
     4  -.32295695685604        1     0 0  1 0  0 0
 -0.3229569568560378
     5  0.63643602993300        1     0 0  0 1  0 0
 0.636436029933003
     6   0.0000000000000        1     0 0  0 0  1 0
 0.
     7   0.0000000000000        1     0 0  0 0  0 1
 0.
                                      

 etall    1, NO =    1, NV =    6, INA =   30
 *********************************************

    I  COEFFICIENT          ORDER   EXPONENTS
     1   0.0000000000000        0     0 0  0 0  0 0
 0.
     2   0.0000000000000        1     1 0  0 0  0 0
 0.
     3   0.0000000000000        1     0 1  0 0  0 0
 0.
     4   0.0000000000000        1     0 0  1 0  0 0
 0.
     5   0.0000000000000        1     0 0  0 1  0 0
 0.
     6   1.0000000000000        1     0 0  0 0  1 0
 1.
     7   0.0000000000000        1     0 0  0 0  0 1
 0.
                                      

 etall    1, NO =    1, NV =    6, INA =   31
 *********************************************

    I  COEFFICIENT          ORDER   EXPONENTS
     1  0.58018940465488        0     0 0  0 0  0 0
 0.5801894046548817
     2   0.0000000000000        1     1 0  0 0  0 0
 0.
     3   0.0000000000000        1     0 1  0 0  0 0
 0.
     4   0.0000000000000        1     0 0  1 0  0 0
 0.
     5   0.0000000000000        1     0 0  0 1  0 0
 0.
     6  -.37887116171720E-03    1     0 0  0 0  1 0
 -0.00037887116171720205
     7   1.0000000000000        1     0 0  0 0  0 1
 1.
                                      
 DS_TRIP                  0.58  m ===========================

 etall    1, NO =    1, NV =    6, INA =   26
 *********************************************

    I  COEFFICIENT          ORDER   EXPONENTS
     1   0.0000000000000        0     0 0  0 0  0 0
 0.
     2  0.60296764591562        1     1 0  0 0  0 0
 0.6029676459156206
     3   1.2370515877971        1     0 1  0 0  0 0
 1.2370515877970825
     4   0.0000000000000        1     0 0  1 0  0 0
 0.
     5   0.0000000000000        1     0 0  0 1  0 0
 0.
     6   0.0000000000000        1     0 0  0 0  1 0
 0.
     7   0.0000000000000        1     0 0  0 0  0 1
 0.
                                      

 etall    1, NO =    1, NV =    6, INA =   27
 *********************************************

    I  COEFFICIENT          ORDER   EXPONENTS
     1   0.0000000000000        0     0 0  0 0  0 0
 0.
     2  -.14650897780027        1     1 0  0 0  0 0
 -0.14650897780026773
     3   1.3578851899132        1     0 1  0 0  0 0
 1.3578851899132103
     4   0.0000000000000        1     0 0  1 0  0 0
 0.
     5   0.0000000000000        1     0 0  0 1  0 0
 0.
     6   0.0000000000000        1     0 0  0 0  1 0
 0.
     7   0.0000000000000        1     0 0  0 0  0 1
 0.
                                      

 etall    1, NO =    1, NV =    6, INA =   28
 *********************************************

    I  COEFFICIENT          ORDER   EXPONENTS
     1   0.0000000000000        0     0 0  0 0  0 0
 0.
     2   0.0000000000000        1     1 0  0 0  0 0
 0.
     3   0.0000000000000        1     0 1  0 0  0 0
 0.
     4   1.1354000728216        1     0 0  1 0  0 0
 1.1354000728216342
     5  0.85890853062321        1     0 0  0 1  0 0
 0.8589085306232064
     6   0.0000000000000        1     0 0  0 0  1 0
 0.
     7   0.0000000000000        1     0 0  0 0  0 1
 0.
                                      

 etall    1, NO =    1, NV =    6, INA =   29
 *********************************************

    I  COEFFICIENT          ORDER   EXPONENTS
     1   0.0000000000000        0     0 0  0 0  0 0
 0.
     2   0.0000000000000        1     1 0  0 0  0 0
 0.
     3   0.0000000000000        1     0 1  0 0  0 0
 0.
     4  -.32295695685604        1     0 0  1 0  0 0
 -0.3229569568560378
     5  0.63643602993300        1     0 0  0 1  0 0
 0.636436029933003
     6   0.0000000000000        1     0 0  0 0  1 0
 0.
     7   0.0000000000000        1     0 0  0 0  0 1
 0.
                                      

 etall    1, NO =    1, NV =    6, INA =   30
 *********************************************

    I  COEFFICIENT          ORDER   EXPONENTS
     1   0.0000000000000        0     0 0  0 0  0 0
 0.
     2   0.0000000000000        1     1 0  0 0  0 0
 0.
     3   0.0000000000000        1     0 1  0 0  0 0
 0.
     4   0.0000000000000        1     0 0  1 0  0 0
 0.
     5   0.0000000000000        1     0 0  0 1  0 0
 0.
     6   1.0000000000000        1     0 0  0 0  1 0
 1.
     7   0.0000000000000        1     0 0  0 0  0 1
 0.
                                      

 etall    1, NO =    1, NV =    6, INA =   31
 *********************************************

    I  COEFFICIENT          ORDER   EXPONENTS
     1   1.0503428877373        0     0 0  0 0  0 0
 1.0503428877372927
     2   0.0000000000000        1     1 0  0 0  0 0
 0.
     3   0.0000000000000        1     0 1  0 0  0 0
 0.
     4   0.0000000000000        1     0 0  1 0  0 0
 0.
     5   0.0000000000000        1     0 0  0 1  0 0
 0.
     6  -.68588744793635E-03    1     0 0  0 0  1 0
 -0.0006858874479363455
     7   1.0000000000000        1     0 0  0 0  0 1
 1.
                                      
 CELL_MRK                 1.0499999999999998  m ===========================

 etall    1, NO =    1, NV =    6, INA =   26
 *********************************************

    I  COEFFICIENT          ORDER   EXPONENTS
     1   0.0000000000000        0     0 0  0 0  0 0
 0.
     2  0.60296764591562        1     1 0  0 0  0 0
 0.6029676459156206
     3   1.2370515877971        1     0 1  0 0  0 0
 1.2370515877970825
     4   0.0000000000000        1     0 0  1 0  0 0
 0.
     5   0.0000000000000        1     0 0  0 1  0 0
 0.
     6   0.0000000000000        1     0 0  0 0  1 0
 0.
     7   0.0000000000000        1     0 0  0 0  0 1
 0.
                                      

 etall    1, NO =    1, NV =    6, INA =   27
 *********************************************

    I  COEFFICIENT          ORDER   EXPONENTS
     1   0.0000000000000        0     0 0  0 0  0 0
 0.
     2  -.14650897780027        1     1 0  0 0  0 0
 -0.14650897780026773
     3   1.3578851899132        1     0 1  0 0  0 0
 1.3578851899132103
     4   0.0000000000000        1     0 0  1 0  0 0
 0.
     5   0.0000000000000        1     0 0  0 1  0 0
 0.
     6   0.0000000000000        1     0 0  0 0  1 0
 0.
     7   0.0000000000000        1     0 0  0 0  0 1
 0.
                                      

 etall    1, NO =    1, NV =    6, INA =   28
 *********************************************

    I  COEFFICIENT          ORDER   EXPONENTS
     1   0.0000000000000        0     0 0  0 0  0 0
 0.
     2   0.0000000000000        1     1 0  0 0  0 0
 0.
     3   0.0000000000000        1     0 1  0 0  0 0
 0.
     4   1.1354000728216        1     0 0  1 0  0 0
 1.1354000728216342
     5  0.85890853062321        1     0 0  0 1  0 0
 0.8589085306232064
     6   0.0000000000000        1     0 0  0 0  1 0
 0.
     7   0.0000000000000        1     0 0  0 0  0 1
 0.
                                      

 etall    1, NO =    1, NV =    6, INA =   29
 *********************************************

    I  COEFFICIENT          ORDER   EXPONENTS
     1   0.0000000000000        0     0 0  0 0  0 0
 0.
     2   0.0000000000000        1     1 0  0 0  0 0
 0.
     3   0.0000000000000        1     0 1  0 0  0 0
 0.
     4  -.32295695685604        1     0 0  1 0  0 0
 -0.3229569568560378
     5  0.63643602993300        1     0 0  0 1  0 0
 0.636436029933003
     6   0.0000000000000        1     0 0  0 0  1 0
 0.
     7   0.0000000000000        1     0 0  0 0  0 1
 0.
                                      

 etall    1, NO =    1, NV =    6, INA =   30
 *********************************************

    I  COEFFICIENT          ORDER   EXPONENTS
     1   0.0000000000000        0     0 0  0 0  0 0
 0.
     2   0.0000000000000        1     1 0  0 0  0 0
 0.
     3   0.0000000000000        1     0 1  0 0  0 0
 0.
     4   0.0000000000000        1     0 0  1 0  0 0
 0.
     5   0.0000000000000        1     0 0  0 1  0 0
 0.
     6   1.0000000000000        1     0 0  0 0  1 0
 1.
     7   0.0000000000000        1     0 0  0 0  0 1
 0.
                                      

 etall    1, NO =    1, NV =    6, INA =   31
 *********************************************

    I  COEFFICIENT          ORDER   EXPONENTS
     1   1.0503428877373        0     0 0  0 0  0 0
 1.0503428877372927
     2   0.0000000000000        1     1 0  0 0  0 0
 0.
     3   0.0000000000000        1     0 1  0 0  0 0
 0.
     4   0.0000000000000        1     0 0  1 0  0 0
 0.
     5   0.0000000000000        1     0 0  0 1  0 0
 0.
     6  -.68588744793635E-03    1     0 0  0 0  1 0
 -0.0006858874479363455
     7   1.0000000000000        1     0 0  0 0  0 1
 1.
                                      
 BEFORECAV                1.0499999999999998  m ===========================

 etall    1, NO =    1, NV =    6, INA =   26
 *********************************************

    I  COEFFICIENT          ORDER   EXPONENTS
     1   0.0000000000000        0     0 0  0 0  0 0
 0.
     2  0.60296764591562        1     1 0  0 0  0 0
 0.6029676459156206
     3   1.2370515877971        1     0 1  0 0  0 0
 1.2370515877970825
     4   0.0000000000000        1     0 0  1 0  0 0
 0.
     5   0.0000000000000        1     0 0  0 1  0 0
 0.
     6   0.0000000000000        1     0 0  0 0  1 0
 0.
     7   0.0000000000000        1     0 0  0 0  0 1
 0.
                                      

 etall    1, NO =    1, NV =    6, INA =   27
 *********************************************

    I  COEFFICIENT          ORDER   EXPONENTS
     1   0.0000000000000        0     0 0  0 0  0 0
 0.
     2  -.14650897780027        1     1 0  0 0  0 0
 -0.14650897780026773
     3   1.3578851899132        1     0 1  0 0  0 0
 1.3578851899132103
     4   0.0000000000000        1     0 0  1 0  0 0
 0.
     5   0.0000000000000        1     0 0  0 1  0 0
 0.
     6   0.0000000000000        1     0 0  0 0  1 0
 0.
     7   0.0000000000000        1     0 0  0 0  0 1
 0.
                                      

 etall    1, NO =    1, NV =    6, INA =   28
 *********************************************

    I  COEFFICIENT          ORDER   EXPONENTS
     1   0.0000000000000        0     0 0  0 0  0 0
 0.
     2   0.0000000000000        1     1 0  0 0  0 0
 0.
     3   0.0000000000000        1     0 1  0 0  0 0
 0.
     4   1.1354000728216        1     0 0  1 0  0 0
 1.1354000728216342
     5  0.85890853062321        1     0 0  0 1  0 0
 0.8589085306232064
     6   0.0000000000000        1     0 0  0 0  1 0
 0.
     7   0.0000000000000        1     0 0  0 0  0 1
 0.
                                      

 etall    1, NO =    1, NV =    6, INA =   29
 *********************************************

    I  COEFFICIENT          ORDER   EXPONENTS
     1   0.0000000000000        0     0 0  0 0  0 0
 0.
     2   0.0000000000000        1     1 0  0 0  0 0
 0.
     3   0.0000000000000        1     0 1  0 0  0 0
 0.
     4  -.32295695685604        1     0 0  1 0  0 0
 -0.3229569568560378
     5  0.63643602993300        1     0 0  0 1  0 0
 0.636436029933003
     6   0.0000000000000        1     0 0  0 0  1 0
 0.
     7   0.0000000000000        1     0 0  0 0  0 1
 0.
                                      

 etall    1, NO =    1, NV =    6, INA =   30
 *********************************************

    I  COEFFICIENT          ORDER   EXPONENTS
     1   0.0000000000000        0     0 0  0 0  0 0
 0.
     2   0.0000000000000        1     1 0  0 0  0 0
 0.
     3   0.0000000000000        1     0 1  0 0  0 0
 0.
     4   0.0000000000000        1     0 0  1 0  0 0
 0.
     5   0.0000000000000        1     0 0  0 1  0 0
 0.
     6   1.0000000000000        1     0 0  0 0  1 0
 1.
     7   0.0000000000000        1     0 0  0 0  0 1
 0.
                                      

 etall    1, NO =    1, NV =    6, INA =   31
 *********************************************

    I  COEFFICIENT          ORDER   EXPONENTS
     1   1.0503428877373        0     0 0  0 0  0 0
 1.0503428877372927
     2   0.0000000000000        1     1 0  0 0  0 0
 0.
     3   0.0000000000000        1     0 1  0 0  0 0
 0.
     4   0.0000000000000        1     0 0  1 0  0 0
 0.
     5   0.0000000000000        1     0 0  0 1  0 0
 0.
     6  -.68588744793635E-03    1     0 0  0 0  1 0
 -0.0006858874479363455
     7   1.0000000000000        1     0 0  0 0  0 1
 1.
                                      
 TCAV                     1.0499999999999998  m ===========================

 etall    1, NO =    1, NV =    6, INA =   26
 *********************************************

    I  COEFFICIENT          ORDER   EXPONENTS
     1   0.0000000000000        0     0 0  0 0  0 0
 0.
     2  0.25134609919498        1     1 0  0 0  0 0
 0.25134609919497924
     3   4.4959760435888        1     0 1  0 0  0 0
 4.495976043588794
     4   0.0000000000000        1     0 0  1 0  0 0
 0.
     5   0.0000000000000        1     0 0  0 1  0 0
 0.
     6   0.0000000000000        1     0 0  0 0  1 0
 0.
     7   0.0000000000000        1     0 0  0 0  0 1
 0.
                                      

 etall    1, NO =    1, NV =    6, INA =   27
 *********************************************

    I  COEFFICIENT          ORDER   EXPONENTS
     1   0.0000000000000        0     0 0  0 0  0 0
 0.
     2  -.86819215027554E-01    1     1 0  0 0  0 0
 -0.08681921502755416
     3  0.80466417864524        1     0 1  0 0  0 0
 0.8046641786452405
     4   0.0000000000000        1     0 0  1 0  0 0
 0.
     5   0.0000000000000        1     0 0  0 1  0 0
 0.
     6   0.0000000000000        1     0 0  0 0  1 0
 0.
     7   0.0000000000000        1     0 0  0 0  0 1
 0.
                                      

 etall    1, NO =    1, NV =    6, INA =   28
 *********************************************

    I  COEFFICIENT          ORDER   EXPONENTS
     1   0.0000000000000        0     0 0  0 0  0 0
 0.
     2   0.0000000000000        1     1 0  0 0  0 0
 0.
     3   0.0000000000000        1     0 1  0 0  0 0
 0.
     4  0.36030337636714        1     0 0  1 0  0 0
 0.3603033763671447
     5   2.3863550024624        1     0 0  0 1  0 0
 2.3863550024624076
     6   0.0000000000000        1     0 0  0 0  1 0
 0.
     7   0.0000000000000        1     0 0  0 0  0 1
 0.
                                      

 etall    1, NO =    1, NV =    6, INA =   29
 *********************************************

    I  COEFFICIENT          ORDER   EXPONENTS
     1   0.0000000000000        0     0 0  0 0  0 0
 0.
     2   0.0000000000000        1     1 0  0 0  0 0
 0.
     3   0.0000000000000        1     0 1  0 0  0 0
 0.
     4  -.19137987243453        1     0 0  1 0  0 0
 -0.19137987243453172
     5  0.37714328066205        1     0 0  0 1  0 0
 0.377143280662049
     6   0.0000000000000        1     0 0  0 0  1 0
 0.
     7   0.0000000000000        1     0 0  0 0  0 1
 0.
                                      

 etall    1, NO =    1, NV =    6, INA =   30
 *********************************************

    I  COEFFICIENT          ORDER   EXPONENTS
     1  -.40733485820237        0     0 0  0 0  0 0
 -0.4073348582023701
     2   0.0000000000000        1     1 0  0 0  0 0
 0.
     3   0.0000000000000        1     0 1  0 0  0 0
 0.
     4   0.0000000000000        1     0 0  1 0  0 0
 0.
     5   0.0000000000000        1     0 0  0 1  0 0
 0.
     6  0.59258631335148        1     0 0  0 0  1 0
 0.5925863133514779
     7   0.0000000000000        1     0 0  0 0  0 1
 0.
                                      

 etall    1, NO =    1, NV =    6, INA =   31
 *********************************************

    I  COEFFICIENT          ORDER   EXPONENTS
     1   3.4511266311368        0     0 0  0 0  0 0
 3.451126631136843
     2   0.0000000000000        1     1 0  0 0  0 0
 0.
     3   0.0000000000000        1     0 1  0 0  0 0
 0.
     4   0.0000000000000        1     0 0  1 0  0 0
 0.
     5   0.0000000000000        1     0 0  0 1  0 0
 0.
     6  -.22536301860765E-02    1     0 0  0 0  1 0
 -0.0022536301860765235
     7   1.0000000000000        1     0 0  0 0  0 1
 1.
                                      
 AFTERCAV                 3.4499999999999997  m ===========================

 etall    1, NO =    1, NV =    6, INA =   26
 *********************************************

    I  COEFFICIENT          ORDER   EXPONENTS
     1   0.0000000000000        0     0 0  0 0  0 0
 0.
     2  0.25134609919498        1     1 0  0 0  0 0
 0.25134609919497924
     3   4.4959760435888        1     0 1  0 0  0 0
 4.495976043588794
     4   0.0000000000000        1     0 0  1 0  0 0
 0.
     5   0.0000000000000        1     0 0  0 1  0 0
 0.
     6   0.0000000000000        1     0 0  0 0  1 0
 0.
     7   0.0000000000000        1     0 0  0 0  0 1
 0.
                                      

 etall    1, NO =    1, NV =    6, INA =   27
 *********************************************

    I  COEFFICIENT          ORDER   EXPONENTS
     1   0.0000000000000        0     0 0  0 0  0 0
 0.
     2  -.86819215027554E-01    1     1 0  0 0  0 0
 -0.08681921502755416
     3  0.80466417864524        1     0 1  0 0  0 0
 0.8046641786452405
     4   0.0000000000000        1     0 0  1 0  0 0
 0.
     5   0.0000000000000        1     0 0  0 1  0 0
 0.
     6   0.0000000000000        1     0 0  0 0  1 0
 0.
     7   0.0000000000000        1     0 0  0 0  0 1
 0.
                                      

 etall    1, NO =    1, NV =    6, INA =   28
 *********************************************

    I  COEFFICIENT          ORDER   EXPONENTS
     1   0.0000000000000        0     0 0  0 0  0 0
 0.
     2   0.0000000000000        1     1 0  0 0  0 0
 0.
     3   0.0000000000000        1     0 1  0 0  0 0
 0.
     4  0.36030337636714        1     0 0  1 0  0 0
 0.3603033763671447
     5   2.3863550024624        1     0 0  0 1  0 0
 2.3863550024624076
     6   0.0000000000000        1     0 0  0 0  1 0
 0.
     7   0.0000000000000        1     0 0  0 0  0 1
 0.
                                      

 etall    1, NO =    1, NV =    6, INA =   29
 *********************************************

    I  COEFFICIENT          ORDER   EXPONENTS
     1   0.0000000000000        0     0 0  0 0  0 0
 0.
     2   0.0000000000000        1     1 0  0 0  0 0
 0.
     3   0.0000000000000        1     0 1  0 0  0 0
 0.
     4  -.19137987243453        1     0 0  1 0  0 0
 -0.19137987243453172
     5  0.37714328066205        1     0 0  0 1  0 0
 0.377143280662049
     6   0.0000000000000        1     0 0  0 0  1 0
 0.
     7   0.0000000000000        1     0 0  0 0  0 1
 0.
                                      

 etall    1, NO =    1, NV =    6, INA =   30
 *********************************************

    I  COEFFICIENT          ORDER   EXPONENTS
     1  -.40733485820237        0     0 0  0 0  0 0
 -0.4073348582023701
     2   0.0000000000000        1     1 0  0 0  0 0
 0.
     3   0.0000000000000        1     0 1  0 0  0 0
 0.
     4   0.0000000000000        1     0 0  1 0  0 0
 0.
     5   0.0000000000000        1     0 0  0 1  0 0
 0.
     6  0.59258631335148        1     0 0  0 0  1 0
 0.5925863133514779
     7   0.0000000000000        1     0 0  0 0  0 1
 0.
                                      

 etall    1, NO =    1, NV =    6, INA =   31
 *********************************************

    I  COEFFICIENT          ORDER   EXPONENTS
     1   3.4511266311368        0     0 0  0 0  0 0
 3.451126631136843
     2   0.0000000000000        1     1 0  0 0  0 0
 0.
     3   0.0000000000000        1     0 1  0 0  0 0
 0.
     4   0.0000000000000        1     0 0  1 0  0 0
 0.
     5   0.0000000000000        1     0 0  0 1  0 0
 0.
     6  -.22536301860765E-02    1     0 0  0 0  1 0
 -0.0022536301860765235
     7   1.0000000000000        1     0 0  0 0  0 1
 1.
                                      
 DS_TRIP                  3.4499999999999997  m ===========================

 etall    1, NO =    1, NV =    6, INA =   26
 *********************************************

    I  COEFFICIENT          ORDER   EXPONENTS
     1   0.0000000000000        0     0 0  0 0  0 0
 0.
     2  0.18248687962885        1     1 0  0 0  0 0
 0.1824868796288534
     3   5.1341820828480        1     0 1  0 0  0 0
 5.134182082848002
     4   0.0000000000000        1     0 0  1 0  0 0
 0.
     5   0.0000000000000        1     0 0  0 1  0 0
 0.
     6   0.0000000000000        1     0 0  0 0  1 0
 0.
     7   0.0000000000000        1     0 0  0 0  0 1
 0.
                                      

 etall    1, NO =    1, NV =    6, INA =   27
 *********************************************

    I  COEFFICIENT          ORDER   EXPONENTS
     1   0.0000000000000        0     0 0  0 0  0 0
 0.
     2  -.86819215027554E-01    1     1 0  0 0  0 0
 -0.08681921502755416
     3  0.80466417864524        1     0 1  0 0  0 0
 0.8046641786452405
     4   0.0000000000000        1     0 0  1 0  0 0
 0.
     5   0.0000000000000        1     0 0  0 1  0 0
 0.
     6   0.0000000000000        1     0 0  0 0  1 0
 0.
     7   0.0000000000000        1     0 0  0 0  0 1
 0.
                                      

 etall    1, NO =    1, NV =    6, INA =   28
 *********************************************

    I  COEFFICIENT          ORDER   EXPONENTS
     1   0.0000000000000        0     0 0  0 0  0 0
 0.
     2   0.0000000000000        1     1 0  0 0  0 0
 0.
     3   0.0000000000000        1     0 1  0 0  0 0
 0.
     4  0.20851360664481        1     0 0  1 0  0 0
 0.20851360664480695
     5   2.6854799365309        1     0 0  0 1  0 0
 2.685479936530919
     6   0.0000000000000        1     0 0  0 0  1 0
 0.
     7   0.0000000000000        1     0 0  0 0  0 1
 0.
                                      

 etall    1, NO =    1, NV =    6, INA =   29
 *********************************************

    I  COEFFICIENT          ORDER   EXPONENTS
     1   0.0000000000000        0     0 0  0 0  0 0
 0.
     2   0.0000000000000        1     1 0  0 0  0 0
 0.
     3   0.0000000000000        1     0 1  0 0  0 0
 0.
     4  -.19137987243453        1     0 0  1 0  0 0
 -0.19137987243453172
     5  0.37714328066205        1     0 0  0 1  0 0
 0.377143280662049
     6   0.0000000000000        1     0 0  0 0  1 0
 0.
     7   0.0000000000000        1     0 0  0 0  0 1
 0.
                                      

 etall    1, NO =    1, NV =    6, INA =   30
 *********************************************

    I  COEFFICIENT          ORDER   EXPONENTS
     1  -.40733485820237        0     0 0  0 0  0 0
 -0.4073348582023701
     2   0.0000000000000        1     1 0  0 0  0 0
 0.
     3   0.0000000000000        1     0 1  0 0  0 0
 0.
     4   0.0000000000000        1     0 0  1 0  0 0
 0.
     5   0.0000000000000        1     0 0  0 1  0 0
 0.
     6  0.59258631335148        1     0 0  0 0  1 0
 0.5925863133514779
     7   0.0000000000000        1     0 0  0 0  0 1
 0.
                                      

 etall    1, NO =    1, NV =    6, INA =   31
 *********************************************

    I  COEFFICIENT          ORDER   EXPONENTS
     1   3.9212801142193        0     0 0  0 0  0 0
 3.921280114219254
     2   0.0000000000000        1     1 0  0 0  0 0
 0.
     3   0.0000000000000        1     0 1  0 0  0 0
 0.
     4   0.0000000000000        1     0 0  1 0  0 0
 0.
     5   0.0000000000000        1     0 0  0 1  0 0
 0.
     6  -.25606464722953E-02    1     0 0  0 0  1 0
 -0.0025606464722953024
     7   1.0000000000000        1     0 0  0 0  0 1
 1.
                                      
 CELL_Q3                  3.92  m ===========================

 etall    1, NO =    1, NV =    6, INA =   26
 *********************************************

    I  COEFFICIENT          ORDER   EXPONENTS
     1   0.0000000000000        0     0 0  0 0  0 0
 0.
     2  0.18248687962885        1     1 0  0 0  0 0
 0.1824868796288534
     3   5.1341820828480        1     0 1  0 0  0 0
 5.134182082848002
     4   0.0000000000000        1     0 0  1 0  0 0
 0.
     5   0.0000000000000        1     0 0  0 1  0 0
 0.
     6   0.0000000000000        1     0 0  0 0  1 0
 0.
     7   0.0000000000000        1     0 0  0 0  0 1
 0.
                                      

 etall    1, NO =    1, NV =    6, INA =   27
 *********************************************

    I  COEFFICIENT          ORDER   EXPONENTS
     1   0.0000000000000        0     0 0  0 0  0 0
 0.
     2  -.86819215027554E-01    1     1 0  0 0  0 0
 -0.08681921502755416
     3  0.80466417864524        1     0 1  0 0  0 0
 0.8046641786452405
     4   0.0000000000000        1     0 0  1 0  0 0
 0.
     5   0.0000000000000        1     0 0  0 1  0 0
 0.
     6   0.0000000000000        1     0 0  0 0  1 0
 0.
     7   0.0000000000000        1     0 0  0 0  0 1
 0.
                                      

 etall    1, NO =    1, NV =    6, INA =   28
 *********************************************

    I  COEFFICIENT          ORDER   EXPONENTS
     1   0.0000000000000        0     0 0  0 0  0 0
 0.
     2   0.0000000000000        1     1 0  0 0  0 0
 0.
     3   0.0000000000000        1     0 1  0 0  0 0
 0.
     4  0.20851360664481        1     0 0  1 0  0 0
 0.20851360664480695
     5   2.6854799365309        1     0 0  0 1  0 0
 2.685479936530919
     6   0.0000000000000        1     0 0  0 0  1 0
 0.
     7   0.0000000000000        1     0 0  0 0  0 1
 0.
                                      

 etall    1, NO =    1, NV =    6, INA =   29
 *********************************************

    I  COEFFICIENT          ORDER   EXPONENTS
     1   0.0000000000000        0     0 0  0 0  0 0
 0.
     2   0.0000000000000        1     1 0  0 0  0 0
 0.
     3   0.0000000000000        1     0 1  0 0  0 0
 0.
     4  -.19137987243453        1     0 0  1 0  0 0
 -0.19137987243453172
     5  0.37714328066205        1     0 0  0 1  0 0
 0.377143280662049
     6   0.0000000000000        1     0 0  0 0  1 0
 0.
     7   0.0000000000000        1     0 0  0 0  0 1
 0.
                                      

 etall    1, NO =    1, NV =    6, INA =   30
 *********************************************

    I  COEFFICIENT          ORDER   EXPONENTS
     1  -.40733485820237        0     0 0  0 0  0 0
 -0.4073348582023701
     2   0.0000000000000        1     1 0  0 0  0 0
 0.
     3   0.0000000000000        1     0 1  0 0  0 0
 0.
     4   0.0000000000000        1     0 0  1 0  0 0
 0.
     5   0.0000000000000        1     0 0  0 1  0 0
 0.
     6  0.59258631335148        1     0 0  0 0  1 0
 0.5925863133514779
     7   0.0000000000000        1     0 0  0 0  0 1
 0.
                                      

 etall    1, NO =    1, NV =    6, INA =   31
 *********************************************

    I  COEFFICIENT          ORDER   EXPONENTS
     1   3.9212801142193        0     0 0  0 0  0 0
 3.921280114219254
     2   0.0000000000000        1     1 0  0 0  0 0
 0.
     3   0.0000000000000        1     0 1  0 0  0 0
 0.
     4   0.0000000000000        1     0 0  1 0  0 0
 0.
     5   0.0000000000000        1     0 0  0 1  0 0
 0.
     6  -.25606464722953E-02    1     0 0  0 0  1 0
 -0.0025606464722953024
     7   1.0000000000000        1     0 0  0 0  0 1
 1.
                                      
 QUAD_L1                  3.92  m ===========================

 etall    1, NO =    1, NV =    6, INA =   26
 *********************************************

    I  COEFFICIENT          ORDER   EXPONENTS
     1   0.0000000000000        0     0 0  0 0  0 0
 0.
     2  0.17834349822893        1     1 0  0 0  0 0
 0.17834349822892645
     3   6.2881674297430        1     0 1  0 0  0 0
 6.288167429742953
     4   0.0000000000000        1     0 0  1 0  0 0
 0.
     5   0.0000000000000        1     0 0  0 1  0 0
 0.
     6   0.0000000000000        1     0 0  0 0  1 0
 0.
     7   0.0000000000000        1     0 0  0 0  0 1
 0.
                                      

 etall    1, NO =    1, NV =    6, INA =   27
 *********************************************

    I  COEFFICIENT          ORDER   EXPONENTS
     1   0.0000000000000        0     0 0  0 0  0 0
 0.
     2  0.63909164959704E-01    1     1 0  0 0  0 0
 0.0639091649597039
     3   5.5760812857705        1     0 1  0 0  0 0
 5.576081285770502
     4   0.0000000000000        1     0 0  1 0  0 0
 0.
     5   0.0000000000000        1     0 0  0 1  0 0
 0.
     6   0.0000000000000        1     0 0  0 0  1 0
 0.
     7   0.0000000000000        1     0 0  0 0  0 1
 0.
                                      

 etall    1, NO =    1, NV =    6, INA =   28
 *********************************************

    I  COEFFICIENT          ORDER   EXPONENTS
     1   0.0000000000000        0     0 0  0 0  0 0
 0.
     2   0.0000000000000        1     1 0  0 0  0 0
 0.
     3   0.0000000000000        1     0 1  0 0  0 0
 0.
     4  0.10885438690680        1     0 0  1 0  0 0
 0.10885438690680296
     5   2.4019431544318        1     0 0  0 1  0 0
 2.4019431544318355
     6   0.0000000000000        1     0 0  0 0  1 0
 0.
     7   0.0000000000000        1     0 0  0 0  0 1
 0.
                                      

 etall    1, NO =    1, NV =    6, INA =   29
 *********************************************

    I  COEFFICIENT          ORDER   EXPONENTS
     1   0.0000000000000        0     0 0  0 0  0 0
 0.
     2   0.0000000000000        1     1 0  0 0  0 0
 0.
     3   0.0000000000000        1     0 1  0 0  0 0
 0.
     4  -.33118001233259        1     0 0  1 0  0 0
 -0.331180012332591
     5  -1.8638591968658        1     0 0  0 1  0 0
 -1.863859196865828
     6   0.0000000000000        1     0 0  0 0  1 0
 0.
     7   0.0000000000000        1     0 0  0 0  0 1
 0.
                                      

 etall    1, NO =    1, NV =    6, INA =   30
 *********************************************

    I  COEFFICIENT          ORDER   EXPONENTS
     1  -.40733485820237        0     0 0  0 0  0 0
 -0.4073348582023701
     2   0.0000000000000        1     1 0  0 0  0 0
 0.
     3   0.0000000000000        1     0 1  0 0  0 0
 0.
     4   0.0000000000000        1     0 0  1 0  0 0
 0.
     5   0.0000000000000        1     0 0  0 1  0 0
 0.
     6  0.59258631335148        1     0 0  0 0  1 0
 0.5925863133514779
     7   0.0000000000000        1     0 0  0 0  0 1
 0.
                                      

 etall    1, NO =    1, NV =    6, INA =   31
 *********************************************

    I  COEFFICIENT          ORDER   EXPONENTS
     1   4.1413519573643        0     0 0  0 0  0 0
 4.141351957364332
     2   0.0000000000000        1     1 0  0 0  0 0
 0.
     3   0.0000000000000        1     0 1  0 0  0 0
 0.
     4   0.0000000000000        1     0 0  1 0  0 0
 0.
     5   0.0000000000000        1     0 0  0 1  0 0
 0.
     6  -.27043562232913E-02    1     0 0  0 0  1 0
 -0.0027043562232913166
     7   1.0000000000000        1     0 0  0 0  0 1
 1.
                                      
 DS_QL                    4.14  m ===========================

 etall    1, NO =    1, NV =    6, INA =   26
 *********************************************

    I  COEFFICIENT          ORDER   EXPONENTS
     1   0.0000000000000        0     0 0  0 0  0 0
 0.
     2  0.20530546289119        1     1 0  0 0  0 0
 0.20530546289119406
     3   8.6406016490865        1     0 1  0 0  0 0
 8.640601649086452
     4   0.0000000000000        1     0 0  1 0  0 0
 0.
     5   0.0000000000000        1     0 0  0 1  0 0
 0.
     6   0.0000000000000        1     0 0  0 0  1 0
 0.
     7   0.0000000000000        1     0 0  0 0  0 1
 0.
                                      

 etall    1, NO =    1, NV =    6, INA =   27
 *********************************************

    I  COEFFICIENT          ORDER   EXPONENTS
     1   0.0000000000000        0     0 0  0 0  0 0
 0.
     2  0.63909164959704E-01    1     1 0  0 0  0 0
 0.0639091649597039
     3   5.5760812857705        1     0 1  0 0  0 0
 5.576081285770502
     4   0.0000000000000        1     0 0  1 0  0 0
 0.
     5   0.0000000000000        1     0 0  0 1  0 0
 0.
     6   0.0000000000000        1     0 0  0 0  1 0
 0.
     7   0.0000000000000        1     0 0  0 0  0 1
 0.
                                      

 etall    1, NO =    1, NV =    6, INA =   28
 *********************************************

    I  COEFFICIENT          ORDER   EXPONENTS
     1   0.0000000000000        0     0 0  0 0  0 0
 0.
     2   0.0000000000000        1     1 0  0 0  0 0
 0.
     3   0.0000000000000        1     0 1  0 0  0 0
 0.
     4  -.30863661279099E-01    1     0 0  1 0  0 0
 -0.030863661279098953
     5   1.6156192236932        1     0 0  0 1  0 0
 1.6156192236931894
     6   0.0000000000000        1     0 0  0 0  1 0
 0.
     7   0.0000000000000        1     0 0  0 0  0 1
 0.
                                      

 etall    1, NO =    1, NV =    6, INA =   29
 *********************************************

    I  COEFFICIENT          ORDER   EXPONENTS
     1   0.0000000000000        0     0 0  0 0  0 0
 0.
     2   0.0000000000000        1     1 0  0 0  0 0
 0.
     3   0.0000000000000        1     0 1  0 0  0 0
 0.
     4  -.33118001233259        1     0 0  1 0  0 0
 -0.331180012332591
     5  -1.8638591968658        1     0 0  0 1  0 0
 -1.863859196865828
     6   0.0000000000000        1     0 0  0 0  1 0
 0.
     7   0.0000000000000        1     0 0  0 0  0 1
 0.
                                      

 etall    1, NO =    1, NV =    6, INA =   30
 *********************************************

    I  COEFFICIENT          ORDER   EXPONENTS
     1  -.40733485820237        0     0 0  0 0  0 0
 -0.4073348582023701
     2   0.0000000000000        1     1 0  0 0  0 0
 0.
     3   0.0000000000000        1     0 1  0 0  0 0
 0.
     4   0.0000000000000        1     0 0  1 0  0 0
 0.
     5   0.0000000000000        1     0 0  0 1  0 0
 0.
     6  0.59258631335148        1     0 0  0 0  1 0
 0.5925863133514779
     7   0.0000000000000        1     0 0  0 0  0 1
 0.
                                      

 etall    1, NO =    1, NV =    6, INA =   31
 *********************************************

    I  COEFFICIENT          ORDER   EXPONENTS
     1   4.3914335973018        0     0 0  0 0  0 0
 4.391433597301785
     2   0.0000000000000        1     1 0  0 0  0 0
 0.
     3   0.0000000000000        1     0 1  0 0  0 0
 0.
     4   0.0000000000000        1     0 0  1 0  0 0
 0.
     5   0.0000000000000        1     0 0  0 1  0 0
 0.
     6  -.28676627585141E-02    1     0 0  0 0  1 0
 -0.0028676627585141174
     7   1.0000000000000        1     0 0  0 0  0 1
 1.
                                      
 QUAD_L2                  4.39  m ===========================

 etall    1, NO =    1, NV =    6, INA =   26
 *********************************************

    I  COEFFICIENT          ORDER   EXPONENTS
     1   0.0000000000000        0     0 0  0 0  0 0
 0.
     2  0.20247260994802        1     1 0  0 0  0 0
 0.20247260994802013
     3   9.0445624224270        1     0 1  0 0  0 0
 9.044562422427
     4   0.0000000000000        1     0 0  1 0  0 0
 0.
     5   0.0000000000000        1     0 0  0 1  0 0
 0.
     6   0.0000000000000        1     0 0  0 0  1 0
 0.
     7   0.0000000000000        1     0 0  0 0  0 1
 0.
                                      

 etall    1, NO =    1, NV =    6, INA =   27
 *********************************************

    I  COEFFICIENT          ORDER   EXPONENTS
     1   0.0000000000000        0     0 0  0 0  0 0
 0.
     2  -.94068819826334E-01    1     1 0  0 0  0 0
 -0.09406881982633448
     3  -1.2753576873343        1     0 1  0 0  0 0
 -1.2753576873342571
     4   0.0000000000000        1     0 0  1 0  0 0
 0.
     5   0.0000000000000        1     0 0  0 1  0 0
 0.
     6   0.0000000000000        1     0 0  0 0  1 0
 0.
     7   0.0000000000000        1     0 0  0 0  0 1
 0.
                                      

 etall    1, NO =    1, NV =    6, INA =   28
 *********************************************

    I  COEFFICIENT          ORDER   EXPONENTS
     1   0.0000000000000        0     0 0  0 0  0 0
 0.
     2   0.0000000000000        1     1 0  0 0  0 0
 0.
     3   0.0000000000000        1     0 1  0 0  0 0
 0.
     4  -.96025431697484E-01    1     0 0  1 0  0 0
 -0.09602543169748409
     5   1.3775556301758        1     0 0  0 1  0 0
 1.3775556301757823
     6   0.0000000000000        1     0 0  0 0  1 0
 0.
     7   0.0000000000000        1     0 0  0 0  0 1
 0.
                                      

 etall    1, NO =    1, NV =    6, INA =   29
 *********************************************

    I  COEFFICIENT          ORDER   EXPONENTS
     1   0.0000000000000        0     0 0  0 0  0 0
 0.
     2   0.0000000000000        1     1 0  0 0  0 0
 0.
     3   0.0000000000000        1     0 1  0 0  0 0
 0.
     4  -.37918751402720        1     0 0  1 0  0 0
 -0.3791875140271997
     5  -.73141476449926        1     0 0  0 1  0 0
 -0.7314147644992572
     6   0.0000000000000        1     0 0  0 0  1 0
 0.
     7   0.0000000000000        1     0 0  0 0  0 1
 0.
                                      

 etall    1, NO =    1, NV =    6, INA =   30
 *********************************************

    I  COEFFICIENT          ORDER   EXPONENTS
     1  -.40733485820237        0     0 0  0 0  0 0
 -0.4073348582023701
     2   0.0000000000000        1     1 0  0 0  0 0
 0.
     3   0.0000000000000        1     0 1  0 0  0 0
 0.
     4   0.0000000000000        1     0 0  1 0  0 0
 0.
     5   0.0000000000000        1     0 0  0 1  0 0
 0.
     6  0.59258631335148        1     0 0  0 0  1 0
 0.5925863133514779
     7   0.0000000000000        1     0 0  0 0  0 1
 0.
                                      

 etall    1, NO =    1, NV =    6, INA =   31
 *********************************************

    I  COEFFICIENT          ORDER   EXPONENTS
     1   4.5014695188743        0     0 0  0 0  0 0
 4.501469518874267
     2   0.0000000000000        1     1 0  0 0  0 0
 0.
     3   0.0000000000000        1     0 1  0 0  0 0
 0.
     4   0.0000000000000        1     0 0  1 0  0 0
 0.
     5   0.0000000000000        1     0 0  0 1  0 0
 0.
     6  -.29395176340121E-02    1     0 0  0 0  1 0
 -0.0029395176340121245
     7   1.0000000000000        1     0 0  0 0  0 1
 1.
                                      
 CTF$END                  4.5  m ===========================

 etall    1, NO =    1, NV =    6, INA =   26
 *********************************************

    I  COEFFICIENT          ORDER   EXPONENTS
     1   0.0000000000000        0     0 0  0 0  0 0
 0.
     2  0.20247260994802        1     1 0  0 0  0 0
 0.20247260994802013
     3   9.0445624224270        1     0 1  0 0  0 0
 9.044562422427
     4   0.0000000000000        1     0 0  1 0  0 0
 0.
     5   0.0000000000000        1     0 0  0 1  0 0
 0.
     6   0.0000000000000        1     0 0  0 0  1 0
 0.
     7   0.0000000000000        1     0 0  0 0  0 1
 0.
                                      

 etall    1, NO =    1, NV =    6, INA =   27
 *********************************************

    I  COEFFICIENT          ORDER   EXPONENTS
     1   0.0000000000000        0     0 0  0 0  0 0
 0.
     2  -.94068819826334E-01    1     1 0  0 0  0 0
 -0.09406881982633448
     3  -1.2753576873343        1     0 1  0 0  0 0
 -1.2753576873342571
     4   0.0000000000000        1     0 0  1 0  0 0
 0.
     5   0.0000000000000        1     0 0  0 1  0 0
 0.
     6   0.0000000000000        1     0 0  0 0  1 0
 0.
     7   0.0000000000000        1     0 0  0 0  0 1
 0.
                                      

 etall    1, NO =    1, NV =    6, INA =   28
 *********************************************

    I  COEFFICIENT          ORDER   EXPONENTS
     1   0.0000000000000        0     0 0  0 0  0 0
 0.
     2   0.0000000000000        1     1 0  0 0  0 0
 0.
     3   0.0000000000000        1     0 1  0 0  0 0
 0.
     4  -.96025431697484E-01    1     0 0  1 0  0 0
 -0.09602543169748409
     5   1.3775556301758        1     0 0  0 1  0 0
 1.3775556301757823
     6   0.0000000000000        1     0 0  0 0  1 0
 0.
     7   0.0000000000000        1     0 0  0 0  0 1
 0.
                                      

 etall    1, NO =    1, NV =    6, INA =   29
 *********************************************

    I  COEFFICIENT          ORDER   EXPONENTS
     1   0.0000000000000        0     0 0  0 0  0 0
 0.
     2   0.0000000000000        1     1 0  0 0  0 0
 0.
     3   0.0000000000000        1     0 1  0 0  0 0
 0.
     4  -.37918751402720        1     0 0  1 0  0 0
 -0.3791875140271997
     5  -.73141476449926        1     0 0  0 1  0 0
 -0.7314147644992572
     6   0.0000000000000        1     0 0  0 0  1 0
 0.
     7   0.0000000000000        1     0 0  0 0  0 1
 0.
                                      

 etall    1, NO =    1, NV =    6, INA =   30
 *********************************************

    I  COEFFICIENT          ORDER   EXPONENTS
     1  -.40733485820237        0     0 0  0 0  0 0
 -0.4073348582023701
     2   0.0000000000000        1     1 0  0 0  0 0
 0.
     3   0.0000000000000        1     0 1  0 0  0 0
 0.
     4   0.0000000000000        1     0 0  1 0  0 0
 0.
     5   0.0000000000000        1     0 0  0 1  0 0
 0.
     6  0.59258631335148        1     0 0  0 0  1 0
 0.5925863133514779
     7   0.0000000000000        1     0 0  0 0  0 1
 0.
                                      

 etall    1, NO =    1, NV =    6, INA =   31
 *********************************************

    I  COEFFICIENT          ORDER   EXPONENTS
     1   4.5014695188743        0     0 0  0 0  0 0
 4.501469518874267
     2   0.0000000000000        1     1 0  0 0  0 0
 0.
     3   0.0000000000000        1     0 1  0 0  0 0
 0.
     4   0.0000000000000        1     0 0  1 0  0 0
 0.
     5   0.0000000000000        1     0 0  0 1  0 0
 0.
     6  -.29395176340121E-02    1     0 0  0 0  1 0
 -0.0029395176340121245
     7   1.0000000000000        1     0 0  0 0  0 1
 1.
                                      
