 CTF$START                0.  m ===========================
   1.00000000   0.00000000   0.00000000   0.00000000   0.00000000   0.00000000
   0.00000000   1.00000000   0.00000000   0.00000000   0.00000000   0.00000000
   0.00000000   0.00000000   1.00000000   0.00000000   0.00000000   0.00000000
   0.00000000   0.00000000   0.00000000   1.00000000   0.00000000   0.00000000
   0.00000000   0.00000000   0.00000000   0.00000000   1.00000000   0.00000000
   0.00000000   0.00000000   0.00000000   0.00000000   0.00000000   1.00000000
 QUAD_L2                  0.11  m ===========================
   0.95818533   0.10846248   0.00000000   0.00000000   0.00000000   0.00000000
  -0.75492350   0.95818533   0.00000000   0.00000000   0.00000000   0.00000000
   0.00000000   0.00000000   1.04240574   0.11155053   0.00000000   0.00000000
   0.00000000   0.00000000   0.77641701   1.04240574   0.00000000   0.00000000
   0.00000000   0.00000000   0.00000000   0.00000000   1.00000000  -0.00007185
   0.00000000   0.00000000   0.00000000   0.00000000   0.00000000   1.00000000
 DS_QL                    0.36  m ===========================
   1.00000000   0.25000000   0.00000000   0.00000000   0.00000000   0.00000000
   0.00000000   1.00000000   0.00000000   0.00000000   0.00000000   0.00000000
   0.00000000   0.00000000   1.00000000   0.25000000   0.00000000   0.00000000
   0.00000000   0.00000000   0.00000000   1.00000000   0.00000000   0.00000000
   0.00000000   0.00000000   0.00000000   0.00000000   1.00000000  -0.00016331
   0.00000000   0.00000000   0.00000000   0.00000000   0.00000000   1.00000000
 QUAD_L1                  0.58  m ===========================
   1.09581722   0.22698271   0.00000000   0.00000000   0.00000000   0.00000000
   0.88471669   1.09581722   0.00000000   0.00000000   0.00000000   0.00000000
   0.00000000   0.00000000   0.90714857   0.21314779   0.00000000   0.00000000
   0.00000000   0.00000000  -0.83079194   0.90714857   0.00000000   0.00000000
   0.00000000   0.00000000   0.00000000   0.00000000   1.00000000  -0.00014371
   0.00000000   0.00000000   0.00000000   0.00000000   0.00000000   1.00000000
 CELL_Q1                  0.58  m ===========================
   1.00000000   0.00000000   0.00000000   0.00000000   0.00000000   0.00000000
   0.00000000   1.00000000   0.00000000   0.00000000   0.00000000   0.00000000
   0.00000000   0.00000000   1.00000000   0.00000000   0.00000000   0.00000000
   0.00000000   0.00000000   0.00000000   1.00000000   0.00000000   0.00000000
   0.00000000   0.00000000   0.00000000   0.00000000   1.00000000   0.00000000
   0.00000000   0.00000000   0.00000000   0.00000000   0.00000000   1.00000000
 DS_TRIP                  1.0499999999999998  m ===========================
   1.00000000   0.47000000   0.00000000   0.00000000   0.00000000   0.00000000
   0.00000000   1.00000000   0.00000000   0.00000000   0.00000000   0.00000000
   0.00000000   0.00000000   1.00000000   0.47000000   0.00000000   0.00000000
   0.00000000   0.00000000   0.00000000   1.00000000   0.00000000   0.00000000
   0.00000000   0.00000000   0.00000000   0.00000000   1.00000000  -0.00030702
   0.00000000   0.00000000   0.00000000   0.00000000   0.00000000   1.00000000
 CELL_MRK                 1.0499999999999998  m ===========================
   1.00000000   0.00000000   0.00000000   0.00000000   0.00000000   0.00000000
   0.00000000   1.00000000   0.00000000   0.00000000   0.00000000   0.00000000
   0.00000000   0.00000000   1.00000000   0.00000000   0.00000000   0.00000000
   0.00000000   0.00000000   0.00000000   1.00000000   0.00000000   0.00000000
   0.00000000   0.00000000   0.00000000   0.00000000   1.00000000   0.00000000
   0.00000000   0.00000000   0.00000000   0.00000000   0.00000000   1.00000000
 BEFORECAV                1.0499999999999998  m ===========================
   1.00000000   0.00000000   0.00000000   0.00000000   0.00000000   0.00000000
   0.00000000   1.00000000   0.00000000   0.00000000   0.00000000   0.00000000
   0.00000000   0.00000000   1.00000000   0.00000000   0.00000000   0.00000000
   0.00000000   0.00000000   0.00000000   1.00000000   0.00000000   0.00000000
   0.00000000   0.00000000   0.00000000   0.00000000   1.00000000   0.00000000
   0.00000000   0.00000000   0.00000000   0.00000000   0.00000000   1.00000000
 TCAV                     3.4499999999999997  m ===========================
   1.00000000   2.40000000   0.00000000   0.00000000   0.00000000   0.00000000
   0.00000000   0.59258631   0.00000000   0.00000000   0.00000000   0.00000000
   0.00000000   0.00000000   1.00000000   2.40000000   0.00000000   0.00000000
   0.00000000   0.00000000   0.00000000   0.59258631   0.00000000   0.00000000
   0.00000000   0.00000000   0.00000000   0.00000000   1.00000000  -0.00156774
   0.00000000   0.00000000   0.00000000   0.00000000   0.00000000   0.59258631
 AFTERCAV                 3.4499999999999997  m ===========================
   1.00000000   0.00000000   0.00000000   0.00000000   0.00000000   0.00000000
   0.00000000   1.00000000   0.00000000   0.00000000   0.00000000   0.00000000
   0.00000000   0.00000000   1.00000000   0.00000000   0.00000000   0.00000000
   0.00000000   0.00000000   0.00000000   1.00000000   0.00000000   0.00000000
   0.00000000   0.00000000   0.00000000   0.00000000   1.00000000   0.00000000
   0.00000000   0.00000000   0.00000000   0.00000000   0.00000000   1.00000000
 DS_TRIP                  3.92  m ===========================
   1.00000000   0.79313340   0.00000000   0.00000000   0.00000000   0.00000000
   0.00000000   1.00000000   0.00000000   0.00000000   0.00000000   0.00000000
   0.00000000   0.00000000   1.00000000   0.79313340   0.00000000   0.00000000
   0.00000000   0.00000000   0.00000000   1.00000000   0.00000000   0.00000000
   0.00000000   0.00000000   0.00000000   0.00000000   1.00000000  -0.00051810
   0.00000000   0.00000000   0.00000000   0.00000000   0.00000000   1.00000000
 CELL_Q3                  3.92  m ===========================
   1.00000000   0.00000000   0.00000000   0.00000000   0.00000000   0.00000000
   0.00000000   1.00000000   0.00000000   0.00000000   0.00000000   0.00000000
   0.00000000   0.00000000   1.00000000   0.00000000   0.00000000   0.00000000
   0.00000000   0.00000000   0.00000000   1.00000000   0.00000000   0.00000000
   0.00000000   0.00000000   0.00000000   0.00000000   1.00000000   0.00000000
   0.00000000   0.00000000   0.00000000   0.00000000   0.00000000   1.00000000
 QUAD_L1                  4.14  m ===========================
   1.16344298   0.39126800   0.00000000   0.00000000   0.00000000   0.00000000
   0.90372728   1.16344298   0.00000000   0.00000000   0.00000000   0.00000000
   0.00000000   0.00000000   0.84500311   0.35186698   0.00000000   0.00000000
   0.00000000   0.00000000  -0.81272119   0.84500311   0.00000000   0.00000000
   0.00000000   0.00000000   0.00000000   0.00000000   1.00000000  -0.00024251
   0.00000000   0.00000000   0.00000000   0.00000000   0.00000000   1.00000000
 DS_QL                    4.39  m ===========================
   1.00000000   0.42187947   0.00000000   0.00000000   0.00000000   0.00000000
   0.00000000   1.00000000   0.00000000   0.00000000   0.00000000   0.00000000
   0.00000000   0.00000000   1.00000000   0.42187947   0.00000000   0.00000000
   0.00000000   0.00000000   0.00000000   1.00000000   0.00000000   0.00000000
   0.00000000   0.00000000   0.00000000   0.00000000   1.00000000  -0.00027558
   0.00000000   0.00000000   0.00000000   0.00000000   0.00000000   1.00000000
 QUAD_L2                  4.5  m ===========================
   0.92977729   0.18126120   0.00000000   0.00000000   0.00000000   0.00000000
  -0.74761825   0.92977729   0.00000000   0.00000000   0.00000000   0.00000000
   0.00000000   0.00000000   1.07190592   0.19005522   0.00000000   0.00000000
   0.00000000   0.00000000   0.78388949   1.07190592   0.00000000   0.00000000
   0.00000000   0.00000000   0.00000000   0.00000000   1.00000000  -0.00012126
   0.00000000   0.00000000   0.00000000   0.00000000   0.00000000   1.00000000
 CTF$END                  4.5  m ===========================
   1.00000000   0.00000000   0.00000000   0.00000000   0.00000000   0.00000000
   0.00000000   1.00000000   0.00000000   0.00000000   0.00000000   0.00000000
   0.00000000   0.00000000   1.00000000   0.00000000   0.00000000   0.00000000
   0.00000000   0.00000000   0.00000000   1.00000000   0.00000000   0.00000000
   0.00000000   0.00000000   0.00000000   0.00000000   1.00000000   0.00000000
   0.00000000   0.00000000   0.00000000   0.00000000   0.00000000   1.00000000
