@ NAME             %05s "DYNAP"
@ TYPE             %05s "DYNAP"
@ TITLE            %08s "no-title"
@ ORIGIN           %19s "MAD-X 4.01.41 Linux"
@ DATE             %08s "02/02/11"
@ TIME             %08s "19.20.03"
*          DYNAPFRAC          DKTRTURNS               XEND              PXEND               YEND              PYEND               TEND              WXMIN              WXMAX              WYMIN              WYMAX             WXYMIN             WXYMAX              SMEAR            YAPUNOV 
$                %le                %le                %le                %le                %le                %le                %le                %le                %le                %le                %le                %le                %le                %le                %le 
                  0               1024                  0                  0                  0                  0                  0    1.252732108e-12    1.618958829e-12    1.246454572e-12     1.25686675e-12     2.50028823e-12    2.874761633e-12      0.02061820809                  0
                  0               1024                  0                  0                  0                  0                  0    1.252732108e-12    5.194631416e-10    1.153038288e-12    1.374136002e-12     2.50028823e-12    5.207566051e-10        1.980655538                  0
                  0               1024                  0                  0                  0                  0                  0    1.252732108e-12    5.194631416e-10    1.153038288e-12    3.537519117e-11     2.50028823e-12    5.207566051e-10        1.980886725                  0
                  0               1024                  0                  0                  0                  0                  0    1.252732108e-12    5.194631416e-10    1.153038288e-12    1.310573526e-10     2.50028823e-12    5.207566051e-10        1.980886725                  0
                  0               1024                  0                  0                  0                  0                  0    1.252732108e-12    5.194631416e-10    1.153038288e-12    2.595157632e-10     2.50028823e-12    5.207566051e-10        1.980886725                  0
                  0               1024                  0                  0                  0                  0                  0    1.252732108e-12    5.194631416e-10    1.153038288e-12    3.862824909e-10     2.50028823e-12    5.207566051e-10        1.980886725                  0
                  0               1024                  0                  0                  0                  0                  0    1.252732108e-12    5.194631416e-10    1.153038288e-12    4.774135732e-10     2.50028823e-12    5.207566051e-10        1.980886725                  0
                  0               1024                  0                  0                  0                  0                  0    9.848251445e-13    5.194631416e-10    1.153038288e-12     5.09448766e-10     2.50028823e-12    5.207566051e-10        1.980886725                  0
                  0               1024                  0                  0                  0                  0                  0    9.848251445e-13    2.125073732e-09    1.153038288e-12     5.09448766e-10     2.50028823e-12    2.130460172e-09        1.995281975                  0
                  0               1024                  0                  0                  0                  0                  0    9.848251445e-13    2.125073732e-09    1.153038288e-12     5.09448766e-10     2.50028823e-12    2.130460172e-09         1.99531114                  0
                  0               1024                  0                  0                  0                  0                  0    9.848251445e-13    2.125073732e-09    1.153038288e-12    5.574178032e-10     2.50028823e-12    2.130460172e-09         1.99531114                  0
                  0               1024                  0                  0                  0                  0                  0    9.848251445e-13    2.125073732e-09    1.153038288e-12      1.0856778e-09     2.50028823e-12    2.130460172e-09         1.99531114                  0
                  0               1024                  0                  0                  0                  0                  0    9.848251445e-13    2.125073732e-09    1.153038288e-12    1.590192913e-09     2.50028823e-12    2.130460172e-09         1.99531114                  0
                  0               1024                  0                  0                  0                  0                  0    9.848251445e-13    2.125073732e-09    1.153038288e-12    1.948029816e-09     2.50028823e-12    2.130460172e-09         1.99531114                  0
                  0               1024                  0                  0                  0                  0                  0    9.848251445e-13    2.125073732e-09    1.153038288e-12    2.073027577e-09     2.50028823e-12    2.130460172e-09         1.99531114                  0
                  0               1024                  0                  0                  0                  0                  0    9.848251445e-13    4.897259584e-09    1.153038288e-12    2.073027577e-09     2.50028823e-12    4.908325621e-09         1.99795528                  0
                  0               1024                  0                  0                  0                  0                  0    9.848251445e-13    4.897259584e-09    1.153038288e-12    2.073027577e-09     2.50028823e-12    4.908325621e-09        1.997963448                  0
                  0               1024                  0                  0                  0                  0                  0    9.848251445e-13    4.897259584e-09    1.153038288e-12    2.073027577e-09     2.50028823e-12    4.908325621e-09        1.997963448                  0
                  0               1024                  0                  0                  0                  0                  0    9.848251445e-13    4.897259584e-09    1.153038288e-12    2.468672987e-09     2.50028823e-12    4.908325621e-09        1.997963448                  0
                  0               1024                  0                  0                  0                  0                  0    9.848251445e-13    4.897259584e-09    1.153038288e-12    3.620702754e-09     2.50028823e-12    4.908325621e-09        1.997963448                  0
                  0               1024                  0                  0                  0                  0                  0    9.848251445e-13    4.897259584e-09    1.153038288e-12     4.44533617e-09     2.50028823e-12    4.908325621e-09        1.997963448                  0
                  0               1024                  0                  0                  0                  0                  0    9.848251445e-13    4.897259584e-09    1.153038288e-12    4.736266875e-09     2.50028823e-12    4.908325621e-09        1.997963448                  0
                  0               1024                  0                  0                  0                  0                  0    9.848251445e-13    8.911734548e-09    1.153038288e-12    4.736266875e-09     2.50028823e-12    8.929124274e-09        1.998876884                  0
                  0               1024                  0                  0                  0                  0                  0    9.848251445e-13    8.911734548e-09    1.153038288e-12    4.736266875e-09     2.50028823e-12    8.929124274e-09        1.998880254                  0
                  0               1024                  0                  0                  0                  0                  0    9.848251445e-13    8.911734548e-09    1.153038288e-12    4.736266875e-09     2.50028823e-12    8.929124274e-09        1.998880254                  0
                  0               1024                  0                  0                  0                  0                  0    9.848251445e-13    8.911734548e-09    1.153038288e-12    4.736266875e-09     2.50028823e-12    8.929124274e-09        1.998880254                  0
                  0               1024                  0                  0                  0                  0                  0    9.848251445e-13    8.911734548e-09    1.153038288e-12    6.442453519e-09     2.50028823e-12    8.929124274e-09        1.998880254                  0
                  0               1024                  0                  0                  0                  0                  0    9.848251445e-13    8.911734548e-09    1.153038288e-12    8.011794351e-09     2.50028823e-12    8.929124274e-09        1.998880254                  0
                  0               1024                  0                  0                  0                  0                  0    9.848251445e-13    8.911734548e-09    1.153038288e-12    8.575705683e-09     2.50028823e-12    8.929124274e-09        1.998880254                  0
                  0               1024                  0                  0                  0                  0                  0    9.848251445e-13    1.432736116e-08    1.153038288e-12    8.575705683e-09     2.50028823e-12    1.434164205e-08        1.999300932                  0
                  0               1024                  0                  0                  0                  0                  0    9.848251445e-13    1.432736116e-08    1.153038288e-12    8.575705683e-09     2.50028823e-12    1.434164205e-08        1.999302771                  0
                  0               1024                  0                  0                  0                  0                  0    9.848251445e-13    1.432736116e-08    1.153038288e-12    8.575705683e-09     2.50028823e-12    1.434164205e-08        1.999302771                  0
                  0               1024                  0                  0                  0                  0                  0    9.848251445e-13    1.432736116e-08    1.153038288e-12    8.575705683e-09     2.50028823e-12    1.434164205e-08        1.999302771                  0
                  0               1024                  0                  0                  0                  0                  0    9.848251445e-13    1.432736116e-08    1.153038288e-12    1.002488099e-08     2.50028823e-12    1.434164205e-08        1.999302771                  0
                  0               1024                  0                  0                  0                  0                  0    9.848251445e-13    1.432736116e-08    1.153038288e-12    1.274212083e-08     2.50028823e-12    1.434164205e-08        1.999302771                  0
                  0               1024                  0                  0                  0                  0                  0    9.848251445e-13    1.432736116e-08    1.153038288e-12      1.3790044e-08     2.50028823e-12    1.434164205e-08        1.999302771                  0
                  0               1024                  0                  0                  0                  0                  0    9.848251445e-13    2.135442357e-08    1.153038288e-12      1.3790044e-08     2.50028823e-12    2.136396359e-08        1.999530904                  0
                  0               1024                  0                  0                  0                  0                  0    9.848251445e-13    2.135442357e-08    1.153038288e-12      1.3790044e-08     2.50028823e-12    2.136396359e-08        1.999531923                  0
                  0               1024                  0                  0                  0                  0                  0    9.848251445e-13    2.135442357e-08    1.153038288e-12      1.3790044e-08     2.50028823e-12    2.136396359e-08        1.999531923                  0
                  0               1024                  0                  0                  0                  0                  0    9.848251445e-13    2.135442357e-08    1.153038288e-12      1.3790044e-08     2.50028823e-12    2.136396359e-08        1.999531923                  0
                  0               1024                  0                  0                  0                  0                  0    9.848251445e-13    2.135442357e-08    1.153038288e-12    1.447485044e-08     2.50028823e-12    2.136396359e-08        1.999531923                  0
                  0               1024                  0                  0                  0                  0                  0    9.848251445e-13    2.135442357e-08    1.153038288e-12    1.899405495e-08     2.50028823e-12    2.136396359e-08        1.999531923                  0
                  0               1024                  0                  0                  0                  0                  0    9.848251445e-13    2.135442357e-08    1.153038288e-12    2.075181267e-08     2.50028823e-12    2.136396359e-08        1.999531923                  0
