@ NAME             %09s "DYNAPTUNE"
@ TYPE             %09s "DYNAPTUNE"
@ TITLE            %08s "no-title"
@ ORIGIN           %19s "MAD-X 4.01.41 Linux"
@ DATE             %08s "02/02/11"
@ TIME             %08s "19.20.03"
*                  X                  Y               TUNX               TUNY              DTUNE 
$                %le                %le                %le                %le                %le 
    8.336878256e-07    8.293038181e-07       0.3039489845       0.3140069436    1.087843141e-10
    1.669979179e-05    8.753719243e-07       0.3048632591       0.3144842638    7.653945673e-09
    1.614055974e-05    4.327127199e-06       0.3048359821       0.3145164502    4.145514631e-10
    1.445798698e-05    8.310811157e-06       0.3047578247       0.3146051754    9.167521964e-10
     1.17901263e-05    1.172812707e-05       0.3046488383       0.3147200693    5.999485141e-09
    8.318787994e-06     1.43461905e-05       0.3045373587       0.3148286624    6.638294052e-09
    4.280538037e-06    1.598658476e-05       0.3044546234       0.3149052257    5.869851358e-09
    7.867973058e-07    1.651926269e-05       0.3044259457       0.3149326291    3.226076674e-08
    3.339958359e-05    1.750743849e-06       0.3067287783       0.3154009657    1.436520291e-07
    3.228111947e-05    8.654254399e-06       0.3066539489       0.3155278005    3.243223926e-08
    2.891597395e-05    1.662162231e-05       0.3064324208       0.3158488867    1.702792325e-08
    2.358025259e-05    2.345625414e-05       0.3061034887       0.3162153933    1.210339786e-08
    1.663757599e-05    2.869238101e-05       0.3057394582       0.3165244463     4.26348659e-09
    8.561076074e-06    3.197316952e-05       0.3054496963       0.3167270119    4.288103343e-09
    1.573594612e-06    3.303852537e-05       0.3053465108       0.3167994111    5.193524618e-08
    5.009937538e-05    2.626115773e-06       0.3083660328       0.3160090388    6.809326674e-07
    4.842167921e-05     1.29813816e-05       0.3082490966       0.3162666388    1.942219377e-07
    4.337396093e-05    2.493243347e-05       0.3078997337       0.3168644295    1.942462677e-08
    3.537037889e-05    3.518438121e-05       0.3073641429        0.317485721    2.073049926e-08
    2.495636398e-05    4.303857151e-05       0.3067229305       0.3179850285    7.494135524e-08
    1.284161411e-05    4.795975429e-05       0.3061563932       0.3183110094    9.474274456e-09
    2.360391917e-06    4.955778806e-05        0.305938746       0.3184288012    7.628865788e-09
    6.679916717e-05    3.501487697e-06       0.3095975217       0.3160599768    1.034777338e-05
    6.456223895e-05     1.73085088e-05       0.3094149118       0.3164569278    3.136350323e-07
    5.783194791e-05    3.324324463e-05       0.3089011395       0.3173395891    3.028284663e-07
    4.716050519e-05    4.691250828e-05       0.3081578724       0.3182213746    1.118192719e-07
    3.327515198e-05    5.738476201e-05       0.3072437982       0.3189481637    7.509887494e-08
    1.712215215e-05    6.394633905e-05        0.306336577       0.3194623489    1.881348767e-06
    3.147189223e-06    6.607705075e-05       0.3059426558       0.3196592019    5.765716881e-07
    8.349895897e-05    4.376859621e-06        0.310726819       0.3154090845    2.327739968e-05
    8.070279869e-05      2.1635636e-05       0.3104135797       0.3160128527    6.674219362e-07
    7.228993489e-05    4.155405579e-05        0.309618647        0.317333253     2.16478422e-06
    5.895063149e-05    5.864063534e-05       0.3086107658       0.3185479779    1.112276042e-06
    4.159393997e-05    7.173095251e-05       0.3073892299        0.319573138    3.035700305e-07
    2.140269019e-05    7.993292381e-05       0.3059947755       0.3204217755    2.542153644e-07
    3.933986529e-06    8.259631343e-05       0.3052646991       0.3208025065     3.97862533e-08
    0.0001001987508    5.252231546e-06       0.3117091803       0.3116982188     7.99915344e-05
    9.684335842e-05     2.59627632e-05       0.3114753098        0.314299054    0.0004091453522
    8.674792186e-05    4.986486694e-05       0.3102603946       0.3168983038    2.125738022e-06
    7.074075778e-05    7.036876241e-05       0.3088954708       0.3186116546    3.900321348e-06
    4.991272797e-05    8.607714302e-05         0.30728161       0.3199890314    5.589015136e-06
    2.568322822e-05    9.591950857e-05       0.3050461952       0.3213054492     1.34498266e-06
    4.720783835e-06    9.911557612e-05       0.3034496677       0.3219036748    0.0001766501279
